150
~
47382
53714
11876
35106
5029
31579
15311
16803
94937
30044
31346
53624
1713
65558
96153
29795
66669
21046
2562
31163
40895
57169
7684
96702
2510
35678
7164
91202
81762
82555
36521
50479
76563
38386
40292
32290
67809
74335
14102
68073
29378
96249
82774
85577
99361
38851
67789
6709
61433
27693
55188
18938
41420
70938
92760
11476
43766
16073
90535
38482
81813
72815
1175
33961
47853
91992
30803
87364
26626
80556
84625
77582
49426
51990
21540
41383
14924
65393
58759
64378
77976
58223
1773
10058
2768
57334
5795
10993
47578
92371
47339
78908
36513
83812
47992
55065
83545
29716
2570
23983
34042
49858
70193
61118
74974
71548
44935
12183
96656
79396
40928
65087
70021
56264
73669
59375
62897
91784
74257
54988
58717
74369
72629
26795
18324
35863
10447
29516
70887
3662
91255
31056
47634
53454
87721
78449
40395
98658
98110
46025
68156
61016
33899
7015
1794
24496
10038
20042
7897
67545
