8150995489792059
14810457617381658
40468905669788673
66750466348546701
70273874093965347
73340897438367694
83044748026617543
125039112720139048
158893424345505899
181817231632881917
202042982879220794
218325283501569592
243268224596786044
265623953140420810
271552062818475266
278078093648126905
320105036003143411
322674083778466783
335937407239617357
366239286455697495
378563655705963792
385375328321842077
385654958827091019
423959884740016216
426684298452613442
484895805935891414
489064937163549663
531213509424777147
544395963838065315
551168390423461132
555703869109610040
579461717263368647
587030787039337486
588740017614679476
602114699152913165
609141359433751735
680381548854750878
769672600106997126
790397112721932958
797539088534710641
804554329488618639
804562948446577971
808641494064380070
811125202387495539
821077858442666698
824666311164295220
870287850086746023
932584948966143596
935774791959565729
941468981924567028
949260930202895467
950232372157167613
974052353402053320
1010054617290034870
1063354860621304864
1071507639837544925
1102443768569701848
1117147199111877227
1123041423833197233
1147551133549727231
