24527309249161782466055594
44751840828948818475853922
60554417014327397982597512
80588566971512023958952530
102106057701594536939006622
112184324255040135159794343
120549616808069832711855812
123993274435328647138049087
127469581073408129621930948
155115737940185364266492415
160206002242524982683872733
187063162757612118203619277
190472950203853315177363498
195049110565528079734076662
196210802273529966948224814
198715554986689339682563185
203267035047318691166137397
220775088991352983282757322
229842346645052490457602055
236225483681899588780341682
243638397509560293717691015
264034507455546328357234892
274989739568987522907526934
295145218879589209084862620
309310418961553899461709897
326304920273918394922105821
362445331263053759876584444
374657465656616007202157784
416478555851363933277130332
425341261956990808551586227
448226806580118284784591138
491874583691867564550620994
502853069524579175046220254
506578481589463119521277883
507991898879145931410687906
526339497381888237485316233
534840628423691647218336111
550898310880344130547493551
587474820492522482815358234
613730221357555056182583015
623389039780164427094363891
623992355373785304003936303
632525791262598477251153547
636920881670017836736274456
640874235331052945083466256
652258375992301209181587654
660163188694190883469934678
660975727993475733560947967
669389355703171220233635978
699370348769002377872291961
713971454432962992615808018
731086964184035456789021319
733697656862640324079235055
735913243079259260823926672
740177094264686894786450867
741101763307803974579338265
769669763715524754508724595
773226198878453451185871319
785835333975268123973187107
787224415720381959880312010
799871948542394215112063524
828065665919423267198470387
828353464288020992470972516
832616172197626350289251395
862529592656632673048466858
865239290465370499053734726
867619708118677596296094784
937875437415572928478260851
942372713203295643686610128
962310718029583170502670966
966953137382419174624491331
1011074786791795766387096840
1028472594343489203459785010
1034628071006865916958653619
1037814861538913684167057941
1045922752880616192507321218
1055282357958514064120850343
1066987889451845589327232522
1071620826409563644299893578
1095975571566073634316193963
1130545701944497797059540002
1131751792253357909362842017
1137790748406961061565169429
1149270315557682489818061749
1172103130474502356359488409
1186053783044862348129995430
1207280501729308283057745029
1218135305256756094614133280
1226520860309139212515771634
1236518930294384331109622285
