799434057827590831501926054968681318646147620986267448705889465919919686019144010984569121747823710253157772428150828873899418649134242234726776348
8370408575420022518522884603288722287552452234114600979822963050112356228061210238466938154259526196629993797080983303978709926089082363385482155345
22886248328373809475254641837721427152934080920992651610271532633804489119614195688810291051777853287372266091094827277269458027162339496162370091008
28209919071106999117854416753192825889587991058912159690409177961284327716909688542233703825286337899858154377200309480495154542771328883259177757429
30449648297815480870281627042022880906047467353421702616841417246915556650662730685325861136506892034164798536352296503951344059279522838256962277629
34613373212452581614820792704128512773385057023684700292272182999740371068856883191188455474863829200829253483530918502801162595920388474441140614354
44915278788206556849726910468126299421494835597376754634772918358602468331892860699297902574001174652474551884133979529963980684983805640900437515728
47703764511340173164166346046404356062417118905783730186099639499964488209647542714362922918715169225674922806072052639550997688180540449289032250320
50602275639897386506906359462430028115992534474816783428830168573086358743843676400261093556742743133969836575137291305402612184550751477205180423929
51687470839806849038007377229237446192198185620729717695066212968898897998675118679744593675979808912423572987960809572774457671802190355193636203099
59752008559650190405999888718956129611834425057436694564372214634367910826418861309042714608289475809956448082645395038681228699478279754602605504254
61756818139532487170840419641817680917656120824235971811450097690590466729560604216404353348349242194395376344230235774335501643369869361892500181185
72995777563949669671420889056779744560833918550778371231539888356815419632586659075990006824187341143225272962363255243340088839453078667701472667770
74588608334732964587090095170304204914736279926420229510291302769575503003194893916429672085260732877672884016669958198627130496686988801307774540025
75082509623150706040690178783074722372045111688712930221603877578601972789898911095327901075456141643609767017664442886694414529625219346046604512066
80795728845693066700580182275910174867754987452308285699716609470251259490728721705116710602670637395654121788098947591543282690320356553508027660646
82801683134371052938704409195201531096298095647439034900956320596964026963337514193381884705778870458199868573798224387292475310239144280178999484506
84290039300327142046266277310731073984572658224502820111712111982215534406551058033076052442784216036621416257040930228534404120169580662439988172756
96384353622644549712402366556931923157961791430722193244745667491877780598565420820443351780279103105649705881830380070496568725696360041075959107796
97607441054943884424392002009669162008632597381421326009061332407854347826450227478423226586406169400336725394555777050871561978482852877083360171043
99430443999928567250500304664711660273162936765788679802796123304077048432634271810671821784453788186627143327965455585204888757314686840774943106397
102910224556113485953032539075283264552759251409804924587140539640013447830135333344057452537967355629430731256340143191947526628735016858020139287457
105277687093581547963970825581835871297163599205972517798169280972059769550526314286302802096985512313804281481635024540725051528800615158469468357320
109558156617848041347367697868215097432675939738619630378439350109278554824292784498249956135218419276148716457067357562491089901484314907195312683293
117725073735049304519432532996207382921784787280586793408741268576783298432109401419697398654536649522208183417504404125848511249733889964696044082810
117938451438274481861376750031556262788561032097956837444668311286340051472191809184515723294912590417317071591764365634407909229139009963318503405359
120082804958940492473773642575204471065280301699000276990550740404642900797789426134107757907346524136057770092334853376867572375655196676584327520574
124252116089046187448108201319335651340663239989620536623482650963060616127428345893004308755473368146137842719327407392681573887100936841260170807584
124366937864250854733554330455977422354109577220922495489505730158022547358609501807471314557787946079033158716553060187321884858974419906587187485152
127943593411437565228258569111716432743920980044409838582286862383902063170444614897604166571383286350827597444923211920201612414819491775363069236880
131050436358872824190412976593550799811008331132688218402874440542178042736920971621825365673193684469741213905684224718464791124219795421540538389303
133033680751998729758508167906074405880029740002901755457082166827151426299238278469452203976409323074970869214564280452800323901341431009753522545757
138988593655981375331824652710348156672047414212496597217947302757232412602194674578873694775164598167845522506337677973227864285791056323238241861391
140643935786977511423985582227808576033368255818212611169637248285564039520383091412905498772944792816633808173102478273511741924280860540504963730559
142419243384576968269592073995885004250939297663828774288461122335708309855994400445124139989726676697892941164966945718785160648365251852998010100653
142621345625045457802639941547671592650160953145677166014086202684114472501557715792242509473150911533010383235988682716933614361510207064554894925014
154826089023335969182652919288552541044885068116952215324460572976746029889424105715556682130292604947074147867666352132443919953956829543975459681527
179236137625623028809827216387903481979566443975509015528520792582547825053876501457251740158634469282746521845046462940303962232061280629929193236317
195776566950977533107348967379977627643008111049016933868419149658199720120056351049522588185326905975866645298136793299807794010124765114280623960834
196917152497838611842749456741150735714368459137859879523984414330210017634194986996687265107938211826784810608657075703573465862405000554335855035580
237455187674497294382763996721507430636994088977811871212526697964919549354322506200085113789313155508095465579563310407670213186712551928437739527556
242836298406992226232467777375149969713001968508176983273200067397497193898073841859241754350785222918564889101468481866428532364681529776841526033702
248582925654451701046476676168263753953164490534719672927117239872406324101982375588020405634400608064962941963092178184256741371238396160351016062616
289570574882216211514013687925823382129277249319018253938035007352840218703409779022700892759210693683344206100964959257371675784110052561091613725433
296040691947305855543781026121585551999335232413602731797082925399077746679854589057785755005562404635429271924254954471041975865507437726406168272583
301953964278146331817129218574580796906361349293728832029461182751559046517308589673256546423413982451756534555058321209559081217147869666118771709750
309945663851363369554851341155008629986117903971891179353919539423162665307373430427623943128025183151691583816553969084421330631072490340641944159743
316766335500572804932895730849119976505095081701651172695722933348455413340704661822071779896024772464439760286332381425584811731212206557801353446386
319712700791391605448915688997577340165862132610297732905202158031277772747398622559798027048780141458330741328820834074482405225115867523176853612254
323640695992253418254893962499076095958177062197965461206412511609993969168584862727162461621474715319947798795662287327343679054976560836759415052930
327181641424097693035527700787901494232480112376950849995491345289576557784219871836094230594909310586021027563856096499252038412125009980246189759137
333564092572123546452636464039910649040342439013223917730805689329297685856462380052038400431162338253979834333569004770759680353554144482713034642648
338735702642856196122235792454199596070768859072068602149280702873569777842787543113230896012682865432498961199136922494178905106712247619292488969362
354864748657446145413474705764080368570973678808004782350113048603158118510368947889135349905851029402705154511839117861679838380752221863744962896181
356913597125281628955832064690515141803475493205526113020427874404396500505505421051484444956042157713282821243757986880009838039334121182528923330717
359138955394433649439966133423673542456010648556303316465588121578317858023441596475363479218722234554823878493400372164445993928428172558621268670326
360150106951781543205929707196805272675575704113257153331530049089861145534269338587240383773962934935774843675281810872832697384926763500186409930839
361527282530189009214568695383570820383584137938227587092404102052900261802885442578223389265123613849814807863300561221047840434929286237564017106927
376011243799209454478173453472438507294498705763269773756614264426135830723804805053099117134668264047390284641353696772492687623516817203806889355513
384314340534516274872245880307708109070984219590630171846902153448148320659287547273859621243194341343760839684407812809818749311974517113588262269640
390894554889778433888137287905439961791345259787004448031093036952792647943805873603215723830836682810600614548747880655265348582846687341891696167519
391034283484624744313162289581714850800293443804129683298267134485424692259104558601925712940688336892517118730465939465081546537640835599810067468330
392932350647510723506043256122236122849775042967322317771193887402897172798211643287878243170214616163214954372140857780025192931699171680337040749635
393750877508174433846361908076747668125921593423736167898813786980383893836988720317147503814255739138514312706709480193185909178050225414791284123504
398127305942798347700002642058397755043928556036011778571660425357234159689567519574536458162409589546605834166628436379128740840864547460151119721375
399481970680911461385986729559585255511749447026246653886910974510793717399644751100096720986943413827111360289780655460507422960104633595165234045484
407760135892257995721817631394818005969178923306495682172937885368995961426319144907796962728617899357540516470628987366129067756419687651377809699362
409964357675982536923952578219510902586257251850561931848739185496510458463898829297334400126355482229008849882390369897272895224482985548576023304847
427193852423279901523702410525248229755509740340663571761326779287334576420527401330166169463083030498803677093024882700666168258571840826374765075583
428455562277371551473666358008430170065474005282212110321729263642237406074919168100106024107875908834498971850272275069980305804522754416946745107415
428566991785251176482855868833144954761036222239852681418111862156104153792700406039077190389814534074567098160247354898932466057286795997618913942573
444375228586618058155393904449801060352920170098348451375404900883125066641272107789287783729434946106640259557950246327910977258627373969777762380779
449144728495762955098482173332233188335320238128966510186309962034530187764667159023737241488446739198278966329849230739325405258791875927869006270269
465413353778620388354370525764886305836298684269915025049889575117407939232950461598719798259225104916381471816926197404660150841579915029216422791540
480604340403715510126539576690947178824919643753216564470490605879140761933920902147191452339435136216773335814765040334897847852071134456483733238245
481104284928676491438404491192408442214951083643067354181741944644045527056153893844955364860235828360102640500818070638675560677412928477540944665080
483996970949106071759483364548235265207871786570776067015779955630174870550726429118840946620812156719537390126536452168200438055020466345732239856972
496638444772209360188917330826856822034807781899098629194050063321284750937201014773091712766409444130969424101584126857420094969297446275744149358013
500918874458282329602177753452942519337760892959810528229072235393844353746756479674035549971121606111911248284340302502415234222848013852983791772288
526404268912777445347624323945546230211799181963930465489263629898872423855179930007917853367053417203661101875866888721710852208361602565183552551908
530962997637697057732598837320107996216772885395876352230644127682610560456900908109475212756462854372433052470549094307448217698438796352944408583009
532552408324803185791225107615987908519713881758115180703523645891239383454880311122506466405599807670514501968092331211882939666998191785122181605698
533186886384527029831943503204835473725451719862756417909385657640772385196659379936154253308706578059814027265440971819510418697314704187060763339036
534637181089692357421145309058733115543797988982948743860679285202386875707559615870198256804547981475395876365424609906658410556512603983197441657776
555757739517181269499549531053280604693587844779153573797977627246500948050983495000806678521601191625055036778746756530616510120733969647599625927902
557680019549751598763332271023316844784201182642089796139931616725758456642918745029005741717353460129693212832103975042205098596528474617071457430202
558892015878790678948300528995885328008720851814310371410118423248521487496101182916950561097786356076381640283570654538868919897126461420164086647365
567677886529332267588562567502097158787457179654870437410839376801776544007844828831250312995915004544690862005967685315860025376344338632988657205071
569850490549372518130986201000640609048209217859296758312685562201649018108826030202736110854535389659859993041381431666606623930643665028353296796760
570926654687044160129255573801617271167017330178131720079080994766600191458427707676740745790640047676703492698252333171306145398669607443696394385718
572270967165330586258696490932395985126057963913274424135087810667852876876954204850913780321342371416285839389918307578583135962748035047511115161482
573897762215660392784208080696876868871539581505173370584803186217685653769710484371316422944964307989214049688774141477271554820244886186379257440271
576876420175276360456171747456006146617066123861887239837093552350613718407815324861978676998161031394110372737393866773064304596793580672155496365802
579848219691583576389267054850988957853091575415283104395542365770608862884921939749034314146308122103479433008129104180765475847945532857971411032112
582495633196454141581454389035078131378613251990058267561928544971271190062637755166740998835141192576148364422046501929478163990443612746652671595575
587029242802075987320675813099426176036283484863752143242843991844378088736189460200235867897790789369355031766674134368279313384326204080545655683959
589270435286698817643541640832429944957214608125009345462256400529214245470514966495126498751424941229094677987037317848507396778622481378817627917877
597421900650654562538806368020065963279981860906812061734828570565203478274960976040726997671624039171210831537324335560396296254619876900165176547777
599292131550247681169857994295995267710550463330736917162535455432380683486810033311507258928546938268595967390241491918235778739178363784595685707020
605574713334791181494631873537451040121008896964565381866604640341505838863868457646879859307962348282801618577838265414257108365929871987611358983947
613215467304008594501590537365574923914356927523009571226469171983031979434745199932973043365406370155962057446302747498913395364919221174449835685802
614076687964599918112682378414805839115759905222237967329449599238483126569086082187589515229851458717801024174049739212238047171975059680296110507814
632386804505532739319950552717916847969366786774961490574278282382299576039283183891631259172581312364498980069246046385786048174968575510422979748096
638343769983075559428769699557058161998955260153357239511361009679147772845401418699169152192398276689521071557531103505614482558420749959564908612850
647430427583641542986541015121132275869397157657304500900778872030629235038592324910197981598120552081797814103874912411805950186352849617986243657379
648681801286868198310613694900596766020299460215655374437927732630619678154041756703634119207469921509693981958067332295706208581561265074365084775023
652187862056733527195133092509705105946658549251153288224752643047687807002024899884048743010273296895757290540540185885319868724965863250136963788393
652565596523035843884561059187232819043482756951089963525557361516509521002660708141167924032300870955429134673888811495056895298780889362230956674450
667346873409160270051230850358500507598226940261586596432806531375214065052800961140059400946623918557608999086415707051196617280406683783807034294217
669793227644034227691726426311682156155504846879892085799290905152123027636076771736119156445973762008666700976270870802768670324597004358938722575367
680430517952499204558615989702868637595572516868127102286981449760146438429144985995509136838058027588352701275505834258734532745624267361761278422260
684781403661757139928382709177998106102541583434111297296899179545521747192804871419306027854843689153177010674051723488077920750329812686820431534627
693700315251389957716311289909773835766817224508910543310232381069536902330998202475677071838103445820224872619133437125245004551996801173515066590827
693728514754869806900741384173185272892034049581965562985783223584276657380279405940399617168325744596768613324767077962382752109545768085107440983940
709715504902043222304355822387047877706799599533192833805897501926143458724632071007539800960873152744697569462813914914712870823209315327466684887775
715181869887310251327923081919254783991812840342770609066436638981971321131398355834595667983592240417363056831099690708231099703330704208535553484026
726875602559378743457809371117268287238749070054270293489954561414181703148372393509135426140603700732629993890554227051593038714105796753255506489240
743383955623641091520554252466270703736061280852468917811420680325212819064105347734631375193755454810038772018285600814681715966918704096910557384533
745044576526770384186941249680900777762198770989343359724807934670495404466334936174803409502960702100051129482465831957559654342162341912700471217479
748908570771072754083658947390795597242598184089351546010165325961260214436815464750762294070136102806859214475738277500489376051825040108771939699580
770354159059392644249625883519131158994467972069268672770646084784917764846409103697757059245168111298036791148225543874851613514737546707442739885393
774854966619008347487989343937281429483480894856417556160587767876439714437397649585064219336056474039981354766357573742501368819023722096361151188670
807819401413075318557408344543646051947344901997893393787831983108429759786310549614919324143187208142508548636480227063209368347587647249806502093318
817525165380600987574573228388051004648041507063952342674975868417280097666921693881577306203456310227928386735369448473566869318337492673436004165965
836921693981993160406852390160721541291408529928129312033103174010733743204267377813556102661994239251299024197174457012955482107930449704105962938265
837213769237685802689385574914263593612070374656240742909931583989079906161882761697198762132807154024515207963147569766812656815144220090891573284544
841295833236377407149013682104769393350591537784230721850392893822880377966682628837262202309591510561956888717270400414462765190067304824730200693637
846872206112616402381305969261644109667453904027382209175502483555319190466943986925449986552260908293794589918643406046825805621006868972620935316376
857451888227945406414171817054644782935464174794774141852726878109812740311000689929517617112276903965332257731009190547547170288887737458648435470035
867000982021740506899218775000114818800993262441537353169027668507332299614369248996237541513998350819230156608419407447248703297401167377552023691180
879014142063328702103833219958394404317671511008692784688536094026595126601175884848023250852315148433558432586608596502699825858728315037467308748743
892617919194022431856585188905707240382720994406161894514430705238192552176732729171028744922123252829878045055424621394807240507227647858638848986982
893140921840708467573967982152505046455929471202403647677117505464765574045619158655117907971305445670542960463972917947339748209187598668261728982983
893549085941898788108150386388545302163743424861987992954242014480138432526503410360475861918641275609186713902058729904817702215923753437627199009874
893644234341007867869615111003741567173481432407178619377094062291116849146537341433398811632973565353684791998830558262303182502302759632565177342989
900756704685302410358204272216585858298073334488500872250530175246909980814558775832113646687098508820587145578856744957836550170452298077276657403277
910475064604057365777544825261405417092131764813982252682239384394725712682441954409843763664560381507066171684626201508404181417907231869700747076895
912072795213812765443339849019254641159702038774298270602376626619152381964758751924875989604793496573349200220435206120872633682231755580741975361993
928688731550503406567943547540400317660706851569256711514419008290442780601859774889878079015834831453650788772585080431342658914406562121882500922373
933693918238534445906260395870580577742930769140249756034065587752730942933493300301695934527626380085760725476652859572376350280974982759325588901562
938294719074338459665310172122836263052849487726167433026938568246882771104405861514970998113851074100637382939275422660664232115614964781914276944139
939348306050731170910568012341025332259515219213816878768345260025800494326190530062404080716367305706431462156403771654873606679832492339694000104148
954446405559753470039952021829523697092557995398056211704161916023327440928653330588870106209761715360129890838657368718872951553108735481557163258701
955326408484489418967168935798384311252902598952321670491167072828667430191511296053710798554873103091233163020229433653838357393774852021873092504621
963455222370415667061813979939797991967836715070261840831619568827407126871274930632879732868375729997992210094112755512409206263062954883558417002944
984613182038446583233871114679386912023585585557050118239699508952672388548408482097221084194159096392695688528456667127736464473714487802568006317578
1010689926861756018689667267999209116426940952158888953214417218133717856773548420336907865293409840855030945166959358870987330037031668046878403275021
1015454523570359709930863985720919360278583298372811955118797286086610642716090926575810642030835866721304926511335600369639839484483779470817746795298
1016426168557542154260309260526923752669613854334452886970024909580886950973645030192195334850812641732973172855684712276500109954401685970780054667620
1023119256820636609328731168849297604428872412297581115889052795154255233642381686133930494818036944220629049098585278290698694523000487277763699864477
1023361189082742670376223308255146402367683344346742223256965176321843955146730567625573199855642267154832645776442522839291383919675587360811770244379
1024352542177917026100433532228154608387322015823121325894734443874708664524978324973910721944883101826150423588191776124212979683693578874231999701164
1026577664375880025123648127030999419734581111638377671506279922783469007108638279735848398061240630229856739793764503647231146046457778453762767638865
1029728233806452579143862863903885016989410217533460580961174976610058889118385803521439334431692327531168508464011474406905539040446125488085082656980
1043151476032140195006121120912091279605900686549567969045465876323993809556325111225107978661051088844563979397604218037323526886487695892303764564981
1046712148774553411054963488284576525807512109916951086821118999678304251752949019306976587772607095991590603247175152238533341919627893625280212946157
1048962737453386332739460882165679665834331588885939230567656928508092187166911517146927087452775046726726690008181808423392267582070209971789642836129
1050883185601916215630358125390171361252648853008554048180916287887795920104049992298638291942653179922316428501293227361330545294685552679150087269864
1054882307034256793396348678813952981287634823863145830439509195545436832324755029715956856433059960596309940263981333655312069598968248961634984782791
1055557455659129001177116242498066502899608977830431101754787275451295932683614430552103515297201414414665916397184587033228881279198839959333619730874
1065053012411651904103893074893343585526782690799796756706259674459912010762310208877981910398353739660339621766614090775726190367303969444640880188015
1066885134103789656824969404672963473464102743312268777036571332601688547273055893173306998078563537137136636679299908374774522217670325267948339115109
1069742892203975191109502275043950778026764434652812141157661606253712917462200652572666405291607861544200282781625295072761898896378779849425062778855
1074607884734175706866730605581689079377101387764384401887601291092104992262128896348290797696364407732131668023874935095336481315148511689872158098062
1076346311640141511468889997700403548567038355686216889039628845021880028314024897258984751700197243317503662332185139011802604028328227516452286438615
1089611907250377396809097982637781934318602147019954553305049933088801307679997822849197770957652263193900957837258409097664986048365183397483393120531
1095857070900467653532241746038861237783760005453267397704119317832733908657229251074633746170815808768684515383673332827749579478360466228193355190730
1105007031953842265467138486290592087199772401943446542061023378489311488275417949939344382374240300824733909607345661678676006053105398005712895975834
1115158807648387598333787255578392677991072357602507435228589356262406101953530622870814806033244292463664304288957450615777804223630410003186007142265
1129508102253530223303471121292060388229002104654525072974151202567526213363051834102844386808757912216259105492121137190193203526960747019798791062730
1137435656838829403305437395741731564210195272711421061374051994124196505726826237982170053882594158269408110414472051587406180155604766640920964895378
1142851756572433722740074062480542877326624523676805335185468127660751313799003243447107009800833269700222041892763929772518799609087469907034472857972
1146588348134665552899176830272140381469732267457835539772345386630173545690239213795964108328864914667388381233779201456411292294397320201638692573930
1149304714402062749050741943369064438072138101479110830957084137385878438978153757346778385617532570407052101829202740799606932482730532695335651785229
1153126467911846536348227748910942220594779326632044549862867351033099794533493001157967342882274523092951250845127435048284339062199365896805690854120
1154783002810608451379347662202014801445947841712271023808875365362880818523743488459206706849663234552681376568327019486483930758146364476435743286089
1166449032384274327160625154886417303945062164602892219716948768548094173351523610574070043912241507614264961046475052449408584503350811547975095381388
1167125885197323469319025675644257186806889396438844000976839091090663490056683377674159110281337467250191240199757636877436359205183780909210740047213
1167597026042625790675678727473079165347235559845056025619074509855699563861117625798775932670204788337866214711410844315395230374734515778323950416558
1171292414561310702431435323077327382973029930409392666554432328952507962345053052624953706843605620811791707101117989389849533564588853423438895571115
1179389154392803009011393986898512440573115081421596098428054588496076863102587037308808361651133134493804484980314591064256012450435466321188606832610
1185230740687110312602463462377572638280775910533765054748145328728721030381096497045591986770618578810212195053624209849979489757572113709978972840420
1205008623736389980014473587182074986936289282253940560166411121913473196820420089505889167202310271316074158844724977732618282684274535938807547980245
1211948665043358303704499400467358058068640485693263107032957165917432266454386011840607212276848482361518352228453009081606660550003648079062499343778
1214290319899622968068631319964225855443323051071677384816641441467859165948332682139212914583791115759507487662456222390515704931139911236669320774162
1231214300433658591828981568368124285580013319049175030851691147425199690598817672728800156336144315185078772598318630379083389087729270969191319327146
1239971859314662766392538779102168984530983652661204970269237210677786072934026933466288551011721386721480922698950760116190910676386345915589366987351
1249891321382486185716863689124705291915022003424136732513765787954301553513264497418229788186492541212572120874314915076083385348232731472120095203054
1252285378421688018833803122253025629651717293874932081364878495352401411486442441745830161309649001790388235656854363522244521895781596327024011184171
1264961167165439977603439601737486218294695493727209304852613151875125326732423752307328638932118020843217839208537753982059477811442435061824368901436
1275141923111640398499588820866732376664861721663722256749309208685089607666150643660977336358234778272548437544430303823602743385314983661870109284993
1280575031499617438229361383061416448209436425254226402332384822111716873757587550915821850281389208812209158162137214796359538737282390699924416384650
1281596065890676488613630377906676356928805219629208062584494362302656967769183738015407513341825551402550015587057690571586940808731873473241327129710
1286044862494335441210295657855431662450385998823891816252323295491376639950485952233974897936532796467531102271295154783743890811136142988106064667858
1296907261268241053076053615925387523144052040395586927678693306409379983958347634128363986722594059439188071417935903296512889295180558328055293730837
1310370857963107190397606333469481640769196159667064296317710388801857198071872634086280133381323855453832188063931231327930405597054593754062260021166
1318871796413602713126790605258920235573455768220801769231314884085685159287136175448481858981735770766940185712851026609227207322480224678754064836531
1340554061198546444597628537103782137306967690013209153024738051890830813377183769506676741520084209242384373455215455389676337875959366692753835969317
1341122270452083421016290084298546597746730943004759031647693362329049114753799853676095824287544108716122159304285461393676229113969779774472578846959
1342585288628806512236055696372528777049125018877712166137958178743673582390798588321356274787838265695210224530991138598937954344177549568273601480930
1359590833209221920644113096700894047935894280964458770964966445993049517004567735909098982627578058616696942764345121247471989642839422894700730318909
1364575100577164482185746683408783209088557880005931999165749562640796434626371096502623537688626369332763633743273513300802499244192618563014649765445
1368353036309229022834449797192999514751075966560565291519565704773946588167549261315076150810388821999295811942269657652487743714054756606639891956895
1376717833778862454472089794776626291447807560062022394558197249551452083464254368775350627997614749995330351515868226073939028898721189105877431380158
1377187746484057077995759727828704009887077378985032124783489252819275750784240221060862111145644554836329831454311233311355171195070158671835760550227
1382455263419554031893215455899037115743638524302833122821829197101633444029662512399518916779363702224376675494830841050438316707544402577940886623793
1392942411590663778832273028439197958409675097612201183441449780993175033877013095618114288839742594782057905065578420189804258758025741062831404629251
1394773672229734749222627877621297811931780571744838764079572385539027172229971542862872357115776558580724197953317971128666663332984457777515541497557
1398217447712371226472849397457618054854219989231821809593048190957671879914552380959610089543186017610151579846008980507086228129492837673597056426959
1412360955571608865323108308543250387758270442592490039580382466661730911033459744828486062867836613820004693344061973636451659172877686319755124378894
1412639299632193996021283221319543979763800682982172966978512725931454218852486439788680858349928468312415860810009263327322322800050382390534439914365
1414391926385523009557143083534792116801117604574587553114910379950400453587961880071362188625043927204838180529419350165246140689200844952373388021712
1425002575614745095259058783947748805247381436638749738607524821776204362847505384230363459554630637743983782491978232950976056191684657342670958794417
1442693233196120018768151641722605126718417846565731221690537774812496554847865798404260109733976644677137255917426979362959557174076597371201212559633
1444202576625650588304620732696897381795913337218332747005388404528924530484268641611283331157583672166251141890335072927248560194610480577259817355175
1444495829645352250578581141469074738520992186478938978418757791239294781744034597426814017969541478063692177311868285175968533046634630706851320887272
1448390030919625757683998015167048802363061876553173880109447325251602790798908128805827850157289323794993172941246948001281483446495260491893429474575
1450164788303760047729322192274636281760508040140728856363810791592168871104322669147801132635456338958713251901334844794733755688509142931484264115377
1465471975467300839769998781517751466352656541011035524493284462452650154885563145696506175545219086142142489700016488768561616506016167000087133271798
1467164456778061221935219885273305051299132330426105438604876925642929220107698028013418338448687606338857045574354454261732222780031746171935495502423
1469329525273080066253994288352123656005045393769874927417650418437835959814737659643069657225493339982070935978034426083508470297605360093224058485973
1475189141246500857705952485756280580822814178093737942396366913077041422195481376999348359295900243926416178407471006915029663392925936694522400528272
1503058912993049344540349748069637517225917034000588045422271009664031268236168272723984644490632169921522649839357962425687464473061110245863091012982
1503351103645949661380777904606807282443038355087717449151179193247362477730872284549165043221258597152821946602044128797055109107564427406138820690466
1508642628528168681249263774022205424756564950274574595815374016897598939455007618960215126032593667117441817769538507147971414528811819154634924453783
1529935189140488625268049622562328958256098717518311202740979470392302759148494472668972060672421068357335367223014506756533919247551121530713495015975
1532615904172640005381580838429365851064817183742048852205392390598829076886777828153786314990340138193020968672928437665606024470866189379712365054590
1535687777142184786534406423999677015948897203050825518762199845210878242164384319071233213287291068515216263293142708803303773692697130973743966247583
1537846181519997769264285227489876310387662345561992159457915959965179971934951332203843438055213892010341539006788287010370634447990209103462352571802
1549737316369087619553968308509167572209831358015355270260144125753272341085582288493650228903746819453154771255560205946766447330112532973029746935848
1557801067182432239676406629976225950653256789447592664227101122111507004230575457494578642638042020812177761937472817263084721115536739215750403378222
1560693904513334271189727736524631183333810439388087233980431182345456322816407510903681594365950901868702547953638950076309574751388675791535083470855
1561373922616371534120977515167069085573807021352416476401053007389099297274167395999082384204320269449201615649502872256968748499030270211152408111689
1561830724122503833008822219927674870147626933192966525567206740959934064610652289656957639422633711462096144966604931622088754619921649125698547690261
1582952339157371062464867204766316342061390836756185063868471828619428859085275579512982524338839035134432258844315377593793958485545146421798065204095
1592563630514225530045268136006216307904611876883093087163652202558789100355926590092844976690701556060329716121411360711232909789938075341048335020407
1593621483133304534689125291252470217720827763703495422673327420995096190084161970522186684296588019424187743547534393914602442028480428757506406106224
1600320533918140792528223315305100872304183907575861894628064209349684689996540576115338319984562424791898989077116481518497469037743625981956501256708
1603734288799606196829097069751374139309502039118890146978116979383526520398668299672712749241526069598518232345071219106496340558002793361878975509052
1604578962489552673253278246710361825920311361797804958403293127652890779300664504485574658787599043791414715148276215190541997596570912171162074207645
1605299129726614858409800629198756988762982850352059193027824594782389223543816456835365310429012288189350305704922537973396592846893516881184354226385
1607967872321454919988108726313901149282788655504274679999729173362748609675131386254951462492509949246067246239427029455309390627287862019885614506309
1608326495523827484098399142601998153615750886000461335642472226318655743875868600446154451852805880334139946546098980748561700328767312030062793577463
1611898039130395094796391094562661412901719606520319603325086255827371427719582141349434589497317110467888992845856652657695274721789857040332198592337
1616463280209495050037706961784073486435727986546917281325561056211997356427184803639479402294931311056841264865746062383516929174887084706567844746815
1616750099816950096736727939468925551480413138284513358292768718222569333847958978944353279318742583931820396875987289664239664736157797649998895636280
1620983775699033573101049035944542400281855437187515913741782612328802973884086354890400680533085846042527700366572334831444330477353090753028548750587
1621954289538781624250013386596070288941813423606740356338172890565863118123138376463317686550151684333786052707781701506700034475576936349003182147825
1630460180215128105303603306961501138761970961705782213472554081186108263981321379777007712561530573055006383144848798509729335075243650082560624537123
1631725586068862095273908043616139312604087011984839936032218526306591017594881843030860360078424487130382202674224646559602063156195257034784486183493
1642712341921155187561627462281730508255859801313310227514427596054039610709739148801317499307156586569436008868077846828135768069158973637578911070283
1644756424474354137533929166064307870677209822141831722919343395584043631234527119253270514972494531812680893314947415479459287607812534736948544986423
1647472377817707569504416575181086654838165820626345445184724415463671294725442250117689591875985850026196464460150440570056261041327083532818674809180
1650283303074356488978621717650323058330830590574597565517030775653500550803081695030827218899932989265564986571587063998756488058425703444528852090183
1659442244542901333132652087565041420701156248219108303596974897779114293701697134334908233139930764829699496572310979911552764832584827417869278476377
1668718369644533708816227919890576126791962642719736357634353371829505063685271820736238033847461413216045140339918701916363481794860190307885830992535
1670686142010111798828985464774840861062332875148360823035488931912105640251891445474970851751029095094081727384041435462486732542582364819189642845628
1690554778039512719039387830499610061501309952910744786418012519457561296716068596900200932329389374523155228237948728552312606473288969303292947493193
1690631329298973307202609610311712262417652255758930884295277145124534342290087832698676323361473878751597993574375859193201675802742262889580617019645
1691342215072898928228583101261742080155550666854363179188848646869518098334206649986928539127414543953157636574182719286998372253610848441897838085765
1697411104835366154461145631999314375415032251202049807853172869720606012841643088719572461299284591100592678009961567917233124714473834588130232449061
1706124494561854828377131045513723453671595835562424478708715015438665611276676559247260754405417266891275448531344657232652269507112604791896861662527
1711421912511916572307328149662890930763795563525093371732110946258539517371734230791284527457389547704477614238297378486562549130047623968871980716793
1712014267175034080012948841368146214418715429053502356762249193447365874775050417119785157534193442054472216510040559096498279972716479548079299495884
1727164680912892084608488682862105697664130768623175935683045180243114758950854856151518632964746660722080916502576908747859215363256247973008849125732
1736827465852851624556405972998529240647247596588577978354194849452977742959949262942796737326237744385833847701223580400279114956515277315029095042711
1743407515962903972179526535013808868921628110785837302094378207023005437801995079291312024637337590129844225282635821570600574217093635094694135375425
1744562693327541166812316930815185431736380518499943598029624922427267211185981238952773335392749423762635327263638969428792217977676189823139938418538
1745989877813746810351204427278803744645766398281730335652764395701506184946685236408806853638921432018195309424860818577593639893846410388219439571365
1750140512972948469720855344115368606873123708232754851327919748138849903617149441194796930263118624713267867071002726609975870285404431208651936488439
1754594081091198788181265164653553739458990961447538892034600442298888600089915902510225062196460560242222771182091845857711205280593763143203993432096
1764221586507881837420420578312514025544056406802730996773062596576210460062907799304590754082614619824665826711664252762497526010280704743118191128027
1765613019482213981917362322079505022929208499438545389216310640568872442382873407708985967363532246973797709495644562856461207041805722379880597264587
1772625913723443951195313764601666170261859555561398553269424296566497281431337593797780336886213873955042134417371464548782694667510409324652038452624
1772901245255245139257612717795702543735950654580204069053940565623537333968545321568227446134788981557175549072076790924220361492648446813374490093383
1776898371173508400906761154024413510979985668282713813912590676955402797060130700310159854461357209666926228601045434498370211288877836490785251343719
1785538261155853309986633518396463109241845170138679463365522945098393148356129021821441476299291977960201091135682272847981144671386697071523232206863
1787347936751076118549386868991947199964894627310016095168719694964546060313228075661936578783662165054050029585807636313262359383215847841359646381980
1787530416527315943502170237131718323926778623897817077583717008037313436253144978631298206997671031565741351561810028625189690508035459426109144896858
1794169679577874587704623337633419410736465333131092845780091568804880963513444789078369441078849740087189136305864326653076550798450194859579601413139
1806317507626574816700197532572622185734964489694128738261201703292587733620041780921953123340333579565872481492536695492666218111769042117386865334638
1810899651910788932310748729339989628721769344503256782462086636188052976008296887225488385636022960701003261157295851688921588957625079669228375444316
1813301978379791826715497190606504274502565749934995735159207261048975988274733178325217061846117129300146981945358160796000380886027933958334861138878
1819209850464711230325608307481747881548137902352412901372113424430126988391613080865651349685652423944618018014391373943305265937879722538260662759220
1838891259540565384700762036001718684227493641865618810589354260890760357426470760134360150935676167482262802122693314313778318513555081390337110023534
1840523983438237923495485946007439885358979201772728227055505053917046112785981696920215116168935809517012402358438945355695419418738547528386640830497
1840694001045319692166458488370063601898931563019796603991830132895912517084655299005523134209390002455089902547760014969673383462442729166735966841843
1849841022259195566049067580178153449595124307733509869037706952478513359118232668806129264863740789678964297609382313488786762427448017082061555624805
1857088013361267133716938084562819285724665670184417449308465463354547211349834506675106786642184979518221692487757774094722101842189680207084861821342
1862312432432720083453702041359642337913442922913368656374709085861740299606071378349492898321471927835444644201597342426958541307154111546552038064311
1864382071626414504420981751967754655112820500207704750925597206269571771734881000532897373464642166352719297837367720688527119438051780129073779444176
1870877626391213540242770265718314776196163554574725510826524267659201076572197396481160601709434434240492680940638259682952455733518618916229923613229
1878162235500623810234909096974916569255701265554846664461437529852829016043417959335307566731207608749305607769111237307725078263762301958796401328721
1886517059059383934216169433261547493899381941551877263556772697891640673755464673203688733102680203087490941058508227951500120161869512175050580093087
1888050552787200445385687704665948057900069670180561816821668154212824721789539050950444805799100842463073921202569783787047679782848061152734684612265
1893299225071416961506644271876915151544335616864203864504003799053281245373166062706020394610854245864296774090408854668014458836622471941633190214801
1897485275293301265726210570644904524575446611974902559762873515349986641065791936365207463041703719619384025918809538126552677397415727436898319922238
1906502168772393487316780676203149413546963496726390301483319441893400357518072316623101119907952583503415346581966963940123139394238683272618003396325
1933240902333852434275592529074561347312211531421745020060182232963309740859380508354073217991704624037434560648917196608389101090916348429591816451019
1936912721504880037857951694933007753334957102504018362482156500170670434222671952234289660653165729387644230545331045809045514762339731645621271889373
1941788517359369166418554454776603624628873123577567812097226800469353416500473797017768324359365345111947805460331274958350585859553114654713176311713
1942666367989048586582597427600616516336597036085190885875833606279376849704260681696487258622381584418386152486531540308628249790759483715210174708975
1957357320462246486624400223051851273400690758835039738551541774831991397626343514607525578720777326084663641169612265377745112158672152259432443698608
1975095456831040867125664428467325221275402839440987628721439349542644155427487290497964642484831925362249676537281427969197218225003176466375683216059
1983975548192067361580757561298845745140193466628641109749814963952730184879807462828224635183298219163267197594519458061657226270929358617647558253831
1987969123931397332905500334907888905474841198814098496321472264631420899670086760928440941942287705810822180904573312160613288833961400898556119695380
2001934282747335982295356827953272722707431288120894402677549709884419521720542439783672719289530243335501256726105339588448505848068483172065518723235
2009248576678553016289869666259673279546651281327572447467570071136067275612722987477821105234381926636784160362599668019077912762039938378859202877582
2016494745982461214078069773872767117616526015266885413553380810032763981340013854906908413701134970114997510906631505469123528627150884865065638085906
2028661239164779375284009937076600356788312482219343655408685784584041448641650410112636162919039779668494214020377422313911031999479433005130025224351
2031718854092619752036569848922849224465864538098806694479911851889209299094037891875537202501724758510245695746462000546430288373010432796896650399030
2031823737856095961125196852117713682501139420299710868453212296149160209651133602855246733777625624137882947085272657730849639150891596374665206659181
2038555492077261338623268314907810611311795041530639086602550926400688849457906372237080720214359771250355001356974872306783906954191076667672414218857
2043716214122885505121018210910497173883178488608334207671247179197183674843297965829839631914735034487457761943521853710353259302711560074562453192606
2050225273589384471848486877902706432023276710571614920556169227209773267447706795983181983685676507105891425532753967739043705583013198444499558014840
2050815490006906622254323904139751579217928409409811227868198201122311851461271996669836897479087315158071412602622400174488396335051105839877319056181
2058727954423169226737692128734085416583420657001937018955866547954577206170743144165672412946445242369373737385735148979754408204425366917626230318391
2065806740452532840304367057862572072064739523899855780187950028995915685309307837700680358756897373181748622814296862802342793408481628450181667477514
2075488463307370175095536268441480630112439731241945620253661162622907887872935880665624841279934267555324495066554201246115193321684001071018175180450
2096473447874269317163925419510245477052591111210095577757018216192794416280215918576480143874778601333827571387777901151468421444914667230030965412841
2111758583041091334678317974390601807195581920407053622070603295062839801012362267789189174884347479742068818063163360501269974626092627606159693660806
2130732647048467626558560580111660566828447166788680303531266934738743884649229945188431746617591103922376091239197211098759348279706642806017812849421
2133753696220244610494433877364941760111643080536988345720031049195617007901497267056024484873628990630265918724869341793263444674315845419324102668427
2147461773256466303611332771400234677279752578854280846847912811225481551136763269214674083480146295917320462392010712466800726758889991854142555113406
2159156651070041188708081759485601953951182374391909029997242893736461375069325411424696160915871656493244376352595597680719511690475726625755947592490
2172249987391399394256478933960360401789001413540542794315750685712263628375624430973893256147868999086075288344092131261549472231970304824359327420650
2172848364705363003896938797354367603578220685237621342506840734536912318718166931798577157466649990374776860218217906234010466080667753605027225657544
2175966959826244137286583099547592446320506458725106914558113147760616378403610712911698975307996230378531908994380509558475968441146905094668539149564
2184337727216834691949359252592963451751843523884292647360307496105981238445032879546404438098183082386957261682059944884052103762445105981365080034741
2185411623757036360949104374243545292749439521226055268897408356435782054704004098902637117203911788533334236125239876994706609895197542799718497713024
2188779881210050935460153536732196268270836897999274771071416479659902072111702289384732716286756898947671306934465601651312640580910759704862844127548
2200603802118775421311446161033053938949405620204434850597106709862672405280615129803548479342334800609543156248822889376349866354919052328196576219400
2211438924183599579352110546499437641611874792122718077414216140927316853853666232829472670560951099384842504580403136001847542572629083637044920117531
2218890804654842528635609723724303136804877430682564236826145716070468315892432085450040805271945053132678546425308079418156912443991090117711630596282
2220792978636317488708475274429147827818965670180505108307293749764314015423427980447148485283998272612734884085907417138555356339537695993540451203595
2230997333497665145424854478034185020224602880828798782255693060293418665399795744846444147978358682167522123959098424754918876467461886416772928745542
2246302921461543925913323779561992153708574585109505972686260671965875370360292427785542785925523702223485008309167542277053967304543683603558492111978
2249273771352018964960669684674799760221907732888723510478133196999120984097398312699370837099979377066558840531918283966620282928480666042261326410579
2253674886989648624132238146012749934202033473152374941330579849257008904202818133011045300232222270092104429160150694818658698299824983676113626437136
2254654837040971188072933494508664757273543847016005835481963803891921623714352270707124724488802954272444842556147114627289680750627450185783177092057
2256333097496928260490194318589131319967198158614215376542212618698474685103070409318766052145860679556391760500013656454304128069668312005739657183061
2265889832533498798172579847276828248210000481627096161605837228569515307595206013657494332787191477374668551435434971263946983304969270963335426266061
2273921098353105143792097378809985369949170561548035769428962361072689003509471151621750246688285563827755337790374534856181825739799687444542225747521
2282259432710405889827941893544911522465965974893635742390070799839421213279439946470607206077190947376695360329006864395889226405482305461118975182832
2285018307819188263550819193047550255386722893108176123527824848523271363386790578673806805064884797067846579622474302287340297510005627928073810168735
2310676090300375616970931386461468781404355202745265887985828053264682074483249811728146853074072911297753094424956915854406435417054442192098520403747
2315606398381245193163804147158250561994944871563928898595106131880759078838174049097544996708750632197740730932365077065450532658139901363279205044526
2322256940353075411386891252871832776237214129634895677362552702807922739538324422415969923656515982982343658484710076807300839674511905156534176755771
2338387080196630632505386833759111826381111142147851599434787407924007880254745456499706488547780344038712158220033440874737484436782145371990570056338
2344477556570877193906945501121359625334699316426972119636147051768388267171231835010447592875556249930517441526103629684082184356691234019004130233240
2347254635891429220300152643316286312414099166016460065826582537035132114886117846841962238217111790865147503392471616917595942481200764798729083020012
2359266617342636224087458050431573274117307088204335461027529313194507711337052778081335467185729562112476569476762179514732270006725276862184060083130
2360510022270004776830546542836660618464090839931954706987666265918355208978237528753988182834779393959707871162392229652903150584366969385948978915751
2384563390397214961845807308648224839785877476605411837744940126769406537556175787088891647060927119245346738377908078165622781373527749063964295395556
2390689269197002562376429078438027749905033926378418543202895234579655237046915276943089775940488807964448252547002907367409813484072362515301221154757
2393103923259895095845699223359574447219599196379982309405451792767161060414684526593777349468782568198736092898077487355797318003938378523277562546643
2397232711559802529098211499184863122069121631871556936908166828314881759001251161009766281976932886768168365911244361916929309416207209904015857500537
2411781635646464850516268748654239046811538469908295223065394158359102298407933756360041695392468412492484689989188923329671034502916012199291212303511
2414557410151358188745873533204589184748929874420182528086441801956569422551268294623585769503153655566248049422878494089123064570551740004765930643460
2415410118583644341870057674159115327748087504138386193264936996066849684007703541102755809906395609096999288059552776124693583856067674747061045473532
2418025014248222244941683449342837580887879333318546257478295644206918701895528282255979253899403544971858703945554153703185964725799299793038707970021
2421011021515742714587682097356669347277015458823882102307031843417664351519754724308647007599782920472968268558337992500142742262183364934040662763277
2421121891897101579689925803748378056160893065186778140633484361191864313407522400571105137712539499861682984304982309781571816703208577682766081527569
2425120659664626554083809038405425815202075079524965261854170348658924639848132365937970040328003071654013516345347208917837477291433061001728706048385
2427379768923811176075923349125530801244189520241867299795884063322285268250979666781869776922867527387298993899365681684270315910127171312086757072290
2435009844142680934545685631409873247612982833016840674309182721282545876397763463401439070976080880402348041201598428428698497376844870082104929334765
2440324953135573566211786281345356201196383663079502588519117619626844564037254506599588183725477410357711616936044940950657666636492305371953507507379
2441501264511089074380227627387011876496430487032374810433550333194577643012603995903014131226952358039739732037649028325434823794973706840112997277421
2441507404252444003796654507115782581980526430885176674786236195424281131510302738159187387720587828285007017127591027855617329546869734387343486002493
2486029479391541004333032892790495425471377245989451358750040674802136098007050194612073145498917509822376791045692694591040904919191975046453546003234
2497734899906275182746267879824804339966748071325770885509762168645183555783645566924173834028787072672777240518271661845088417658034938827112741392340
2498292465636613560946938871169408526339949722352088343062246643146166477056443168634230690581778047353431616672102024560171358547509060795743415211540
2511836669780318075538381178831389536742729349991421865649915179224578614716174506429571718161746287944570021250350362996832192671886512201758742408012
2522252593570922621184765041401751388017070942203045922644598277925156374003738449282081715421103327342102881019582452808111358038252063575046332586457
2523823838807819120243098862101877830555610597336112071974116716491595524924547184747356298557838797915889363236359137650093643075423166169257196026928
2530499910023332116841030662453304066161487899004897828414069365617018169312832414575555691066374295654644206171522862845721660064651707350586165345590
2547474708422343243050907401956748947127516712213151969911677635223638804657149794477618018331731561025920783976902128613448272550851864809757648757861
2548384762504179962685561750566717282987360568578386322827374289052023793300202613891247300436516919624184073734786205967783477602913055402025022429167
2555202631673458021935146883606568404102556784752502754764000193363365951518595130362364990777889919691413566564931541181816570861423547906486166136033
2566360341769319598590944415173053254718973128836375058958265930743492850168089123327848510119439706837443165008598460453086855459693352523943699550073
2602248734024807270074807004737821958517601656309650112602433133078421702233466542409896392931370593609242949663254450391572360990876178766872314232219
2606399023795729994036385049320156044074846622835726243172101479770817407855085644991053136527152268628762897515134167816830135599145045141453499111309
2606924558235343716077425372765249630042315999118724209802031137448997478054026973374120266110001258848027537978591432287734010020298309408857225072183
2622410379636636286336783094511707810286424674650647216809080656308516516088504222380948626033237378836727707455554670637330313998086892690605733104837
2627313731488138831393946310440352480488521616506200458786670126469144716096850365134952207357034027593099382875224349648982794498069319422236946343060
2638479505930850542082960716375977068762512514739987260481923551921589610887865586477311264081506254840108287803485796571108875250376620962990724700113
2644993847095131815589163906291358053200431569780723164833697291176726063794014513081692938194634142566079610884984384017452251892187167200707361652432
2645593262774020942664548698936908241277748112144190529989484835387184385975054597190182700550667378155812355973354368294533356106988669354982165373499
2652548624524439842000757259122959979524748334765561787296793810584558268058781446671598253212417800754336817413682836251138920781196271330792148376852
2653012508472617323932022462964192035208476867241922888378907187043973233161552690267105961744396415577520836678451440463012437374312110005867044435681
2665745082019933191849006390079428046141722318662333443804707391112242310075285289897971380988790768258705373655972993947701938896703003911005449344795
2667356061694191355059994193340227286894609426553545602415388603200880486531105106129282817601779107169932680839018089124252476617697716849333914457088
2670156580286957646565174252481557845224111497095052075647902558278852903166164362872161182281283558283098820576524272313032161835592504058761217782855
2673284599532220672941685565805924452237635392784362824515723718410451103416208526861293976410077370116433483944972320694168589087513251315121120385014
2674900223051895282907618090187755904253441650693710697350246052064606868572866902720597498778462173801705845883793818453346748104408289491374074608948
2690836334744311345226271481653855843493856918233298166943001562632688341490397803332971281859088102277907389150083910493234989309185001213517524929042
2700588243187066475996917133388444929470107608184760752691578196593837216280694078129441857053001031319040769691568282043873765864962371576446999090122
2708082578189346231069127862568744278695538128875208006006943152969840613022593943370867884081783513287118811693012019813689983419185002037067679628309
2708579229434306324654123524312317434055066674604739970376076582615731705386426587735725478091985983516844136425589788928056394501127958044421303659692
2710736365285208441849975295059144597678269197021817947173770303448391976445412096103620235934608712847458014039288687611425178524513828671678185180247
2712415921344567365450325987751847616798923746702499129126584318026880833318904077513617240929914109652812875294815491773667303458743910004153766079349
2719167590507240406613520905013108182868529710602282227485624423788452633859356887104251337960956477742491623171079314722615154297115588508032917502251
2726076430502271687698962746784886429331742872341699903024026751003806995945406863350602822493997784454505868836374085124293786115078922079283838119751
2730376329674235593746487717009784959732434347473456005840891327743856611180160813231297472948603170672869996258976673399556840045968480750223488080823
2732620968393571114232526753855368744860758496372849212354515357585204295343498479497212872726038984760235620318992188975074505389602184605749946640285
2733957777722352105000022323499433235400748474757817235569753858149156830924739227875464735285768214807280065545052440294006406750169322218549533914993
2739754502011466359901771687495349081737283273358513746788220921830106504945751613632120758621043764909935242215585986094385673451856932518450850174350
2744726041896481164785851650359567293337178481791725569946122508687983643868146452580127705700164238943980110204888341254401930065226933694644157807355
2745779891756706915345476622897979090265715092607671344941411204473744886127602031038986832423409923481411821912221223160175462205371932089538566411297
2747985648044881516465529402540114294007335993839528879437025699057992722693502634134557436610483949060435107235071728787966561872152128645128915465784
2759015113904918170145959524188616938009268099108700051068324822417565159054622358106901883567043594696533827298712583381059365844712833983980086735292
2772455108124774850031845132964223416694584708909294745916314677632491346958157934088581502201487402800851959442328955325950814190164542964400041705793
2773881659778378489562150239871617473888704843206265222248671231564134621414384916768352625797334688472637227042009449756736073973942230731327117856453
2784487561798854946151741403454535482696517326191800514489985073217680559931362763912720478928433903152813475534472472312584155616427026405533868613437
2789667517800773537735141384813480284899532028328579449752009942106864618810755061625294841744468263151325329910134552682835023814140818936918755392653
2802928352655948183712697025690574524335927836564612816421307874464698511155434843154009521909816819302356432681158318010762540390286237458025892030777
2811855395643005221592152265686068999187406246713421190477794337056144104761052342782851030863248987742363564152259480445793479013296059695222930685246
2814753561327309063537001588308256353421145230837374183482968458346008426433720856107031921615956462622521981932307617327725561941465670511953463875150
2817839745940069999053776670661256205787194073528030951895126141040592535280613309087471972689440609380296479850588310697868898281533602010703504827404
2820682958273263809160566110319647713338525645592213047352419207026604985499972085406901440964653238797637600029329255233200538022731367277324857145416
2820859242433176231190601203909788257436073275781451709138316811426597705814472286743133726148901067692247711074185133087597000919723012784728602796759
2821388265344267389557559598936858663707307244172198448039770987532555473276160270239544003825721561624558121243789958484057723316318012572392433158167
2833384474013421879181545699973794073095692428419038830678841583585382296786950680428032346885678174062149169383139211800843437036356474157637844179632
2837492815593160174187553107868864491766165195808008797904946391230126372450334647837985906449896485553717908352301415452014487165543386495200905402380
2840364261645266338486663540930603722090703270945268675455044711204608696027068810434274469403303444084171764755692261027871991859730804880137319974119
2847491736085279565633488235867441335264013635126110718429751783130401405223985920824637318673166573881736906635744978668597204300015465885241883320304
2853657242449423362339768270802715004667175075159826353592550108155802283250437518631159540722115163945636989188549707364947151969944529189340517641263
2855451957250270672847295794780575871651189539673479660225052370583650163652079400651398514199239866768977595001002354543135194468684944982739097229990
2860351586235687957311688609616574372763333453076349347181781307046563286167793042981207611898455200222765248713611908914397576181649964738393046422529
2871127416193943465463227841300809213400562922023893973013115508329703472403152761076595798409422021910695437440797477711273477782253787677437047755260
2872235917182161542740565185694302190839423070122476955888141456815709264185418449697354367332626754606868540436582282846882256395443156375209311037130
2887390223087870489901038701422644290232666373437791107548355194951314165077011035044135583221457647583027590005257312873994818105380983740987412760649
2896714127998810718320502213031647675748416905710648802284719424885205588562410626890888876026631433892459191984472040179482780907188138523720373893046
2897146031751328288052527081807430010093123028115347284080157533496437606165405651236123693343844530215783002085956247377477867619677541086352338833674
2904796221006358384944759401324996496762155353449587503802711134320050188742130531087683075183530640457523487843322459092025783911130551824030555271706
2906826732874106502579796002918539577238480408072304324214496464616829583908742060223092286683024722716612258165218722144695008797880594398015901535650
2920277644228803436778688485793461151565990481490849729433667733443920617430472854802311135551286918656609382716514959081745683169787721859309734819803
2928182720565179995239044865867875393686346241332226091801990359847051687073395998525884226073182639715533221520205554010343768483955155862198159857957
2928681363098824374023653574750661457063970156516675937467500619994046330489425151934957401677055674113484716836947540536658290632814285966801288868468
2930241155830911923596858496958806355070104808883567651736529655635059125514818946319983333722556594301289184015779009927024329081741033864727943440350
2934519551473107417291490198700881483223331879403083897895486146123096707316717969979225844596030285220937588867102655415924335906898668297551318232029
2939548294859153406530372351846741723788679884331020521101072551958583237542924383238596979620085188195050638698956047988840676548452620505728320590911
2942896410800530793628779843378555642016267080735597663657352742447769367865260570650082524346351056740837692518409096530417562975539100738730482277567
2945562904665132535607994247618782431534501299815844868265664117665165138370615467505171142567721229850915198653442985233313069224279877870102362725589
2949164977506769853103414051711645190703848214731989157075671829792437286107441929598723497570669399531435103120355259149467274729333412460320409139623
2972613800178664816074016784325118379223206052854179934630577589235266222238952649575950902254488452744866887970829846199341331914505273240802310473777
2974794136855185104978325004703073384263308961599588305606591516960381286365167349430765476870307508485524849575566352123816065293316411993732998300859
2981320851631075253461335790061897382072583638362855333183156264263078940398281557635497686764602286664652173591422685069546645238538410187369360365111
2983868509613193557719931476590765083164132577176301036925070412873408519137687609462666143588230957000781065644918078039874524545890336633620690160177
2985091613947033941007416928165099178664943738509614143201586067686323358552464763406058137720017466154084469023105249592162317936709293629292494614178
2989836299936642046698587011018738886307821091538230931672736704613003314255312043047299819282184613587896675583774698211035026062439414077492658477520
2992764206853874996070204213201457521856333238963704358258107328386753682805960300057913080739590482210999810453585027385852526894761442768319397135731
2998163571603959704368655339318314111926742158410663411159668722170424457710222072395821595515293426269035579592096542401295188656485759556513152313347
3001878562881873455916730856024796462768949118770531943560016301083691169095233904171264320522299264743602011408877046798236701312566588675330454098094
3005507925621189528519746467804612277684294482459347868740283794277251221110809978678189375544804071678176392410894132411055076439769573835579306589115
3006614132536429673609686342081972069114896710362833042423522887195140427994627452625885372710429269910500932667795336425840711575842697141197802843501
3023639817614848031340978596942547271946966185350086206279866355752697588775127949088264120682759365803125896698846636874398459552957886440912645706652
3024589526865948902069679467178636528421050039909647498260901739998832639863646799429726702830623706859698451385948185823814620921267595325085274089455
3031006079424973100796502620512124266132214592047559172184923659236747427581010856350920840839767361665105911784152428623705470514377461269345663484987
3031264389037481734343106402644519193376428885154291775304778968595473409010950377921224218324267864300067026706393998113753284073200502142658244636971
3036784227287857301943272124362766366878777619873155445361556492646561893012559206857502903807555932698171287840875378689280057472914477282411406883475
3040406261470001749425317418818437125182041046917605467975148517673835263475365981731860480203606145942972284306068601489033322837868048668970842937612
3042174858727974925515797364517515139532838620143892777931251126364746911307766758438914592401161266385396951995801170022987345216953379823161646035420
3053880088699310506060659340475486490989634094344890200901445358275186203758995669147345036659740966247861761535826435185102155534672646667790961245150
3061807744293618582418827858884269226330252517145481193251206985842241368853474674336008741239882314656883120837426944781948269930151176625778220504800
3063432448226020253108653897193358403580965962264604289146887380883574789001682465198013437359575430300244442812039500950558991598217321355961316084208
3065443892307313712112769334441597964302316634842907710601902069342171645943253808131990175985639492507374576218107422003923764463117590642567450792396
3066090657225555838721751484914151435410459329617894405765390584955799064823501729802712130525017371281353188699906607769693698856576600465350365307467
3066543335795779381255577468003413046211727375449062463999485621792608265878158896588726210488950504360906920060954672424290664512720779616521927016173
3069434517950724846665058929564316718659307860059938022189101673081971602102406364473325911913317641639508217993547246153731113692925532440850824793759
3078128176176614133349793133272694221092886028602613597054718740587103470410851089927740986649000383482528016711449123726671209250318318201227779834133
3078724369812416419085452578600690023221276146772645544593059281985240013613975009194701046308656072559662354385356614294387080801704234202904203546257
3080553730119751728850198983888086502434133968492532433354136920343687270914976991002980295268050590602961038139114678148097570234171672859283541612726
3081942615071732005964477589955740362063257344948120202118494333906271363982389254026321405955626440338768232197151410296179739193019453527958546183033
3082502360364555452424764592386803621633618354339894364069815883472179499426590045401575809642303580399035740812226282323946722936018443993982801425693
3083687379614585500081052592531467648722274084548659867854964927915163633764129158951707543058817466974021655837214237085319646627350123102618784158477
3106750049969565370212047039467343159011586233639357055176843540905881708931794212228123139565013584019484794165800535299881292732716509022034827304108
3109413661327464293150417933871034290729505300263795910126461222236919938212066699911184487529827304622686315675315785411634825034506452705643842898685
3115703670433461992119736948380754529009324006741011439450394482488260701489351010713272285121885017919382682076760782901758945702678363073592561168561
3120584052713360529662901604121821170030698894762894154915175685332284831876683441790392094162534538670094541786528798678689250368608342565965981805599
3155000355075997319716480002141919400945404847630951112139340062973416205509326632735593157818859396367719549658467885557707136873128432925359232842977
3172048574735958817361121418820757935386808073419988533352211836355503964558701579811945790244136019613929037329613715532824105334633750377168530319145
3176391837581603289719245791099140042358778266186298279858509355742608879834132866329763908610118760335173084592814047681318881449176558175867675952273
3177205652601025998067367699777903627204371238250766721833595785413457115474062920513561488760780793134748664359345860869656607392085263247055927221224
3178190831797914539444499997293571469246600855739827120240673077186186668113761499356604074919757719020740610934008942029374204442356890744556907647505
3178668720468173820684686442195717941059530405464824770176400083662481924466464025192271558231510986872262952040214509285477658842005757428424556039017
3188750268727884727718861790507871994820747530822650598926646107179594303956897994707664431372551308245759219021402873334503160324169348232837945387557
3198812719964816219564021546994047633112222500498919175840419275165357629284585812100586747564871827416385979146402954203493144961959444996324938681301
3208013229018444159289644230899771015703620874000615972109939657402484333690979700244223593614632141746163258905678671812760327908258604770134737606147
3219341344989220169786273718983733297377480557039984700835194855933190606300732023217560685156172586629117699102798531069044702458575292899741627098886
3223100099400661693974694753158476867531988620292269961547515092393551365992084706382600379431384558559492671115968664148902283628815207815661995889814
3228151618558059706253413831849696768952421147038828735517075897559231513514605642344560538516391943356558635879027322521460956700309531815655853002791
3229439784406352504138460640779054717283193403396013191775351749545937899217058274124698837664467960619151723697132279621737738715615406318519846865222
3238598826209001291498616972634993121324968469649894793785261913149115306354278814777253416831304179667615431551583476584875205402873320779864657150700
3240482985763433590795491912178905957250087390604235399240441403341821472426547440391427351076865557688128714445810391722082183085355548190811797830533
3243844335543538157297171886465739456176822927825566456600355896449847058647643369741253242268015002563822708908843666529562975033482852928555036355848
3251328872415147070755522180094312767034467115833571527398609590216812537732501607730441345680681737028065107654373841857551748100861669353575145337740
3253957696071590456973562757776493524810421657455945606449912531159068531287680698143613376383489341489041720229805910129998058972697445526036196590831
3258918602931789130950558243493925220132877806635337929078887418968968647563719987553941738552068302621422440070876365289546442268648836149790821334039
3271901841558252758391071332062643006059423640237540367095296731050389156164496733889800526578128783366831255184045230263225220703913298125407068752139
