50535214079230
111013683066276
146588765137443
190875710931834
194413906937961
199424926679218
229565981847916
234170500052256
234918360870952
244905191235746
275009545578771
303308106258723
306617086301300
316287748034903
352408766834343
375664696722757
426859155777363
497069976731114
521305879053269
527977971177241
546470584597482
576312633913117
604121804195408
620526684766291
647761111246585
656263514970012
668422450925202
688706468481754
722043371756188
724065763536845
726753267882401
748973649175775
749517806111379
768015616173759
777817668422866
798298654262224
807156790658338
819389635363218
833630738472480
848159333907049
865274908903930
916768721804386
917486649339371
935045099735125
944758373833987
996569896898910
1001649010264853
1032126144277669
1055269605806281
1106684326174882
