1656474516567554907446356608840218192736337228642623313004266087613362415065736753138137788168516678793973451383969365
15379936545307987202347791917774024731748558172639019601263563882754331373803772981336969609186013559141728076370928180
39896074766853482503236298402855704259798773287858429798851570675594809598420763753476187657362919526352244369232131386
48479958904896040687349946124531007232777936570773134771275683769765349857427379243651216486608980682882760724205855379
56564305139743943743821640521382477720584078681935622663818816196882785350206718047591240368415852485308888154905252643
67970149567264654622217248836125920376968106223038351544349817106484531890733708085297336106384137498201782159565934315
71960318941202923762421352379847209895593611983559229601473551038900331391682229932234438692292501244819624746128986043
87999971036395108410330378071372953814672080520207358241385412163918783108419761083998302473581514845885742015498477963
96514424928597384131431157450987640309101824006189654651193952418142483030065418474914059354597883762672015746851630321
100102629380063382258435791561375706234685581945416898047085568042436788021903441711197548332248032834050675296939104243
104232012006407511036444769914593140222320357919662685947364304285295186663289874563446118358393455976007478610816840920
106410629098701460733109044184562581784673662480593920880100922317440112425542298711093234982653356571628070268383169347
115161498386160235136134646187287740227936685311369872945337159337049657392850844243525097400510407005365314035341018167
117838600620829032904098339169400669837808021042460780033511222906091646826033796384894817278567253969480532053071305804
127371055152096753749472870348446531861960109312282044043412818584797889477053897861603011392998871494945200892105334969
143756183361036544086557966260473229824112296544046772984184517122584099808864311706336618491536497489379717998315392264
150578269818719058335597461821802524181933225159826629143481141631322929569856847924601523505671531535464201626994329043
157036948604835662488867051492699079426324520652447735750297190909214213176541839914264390232388891032658873433433923962
165963581985507723512554193027535267527685869805526934782998874875090117314487192607240789525433278383981357668383416033
167132443723501864710235229877725902544876071928972995538751613610304881387262511192537590213243206192788162766190476477
167296575618105793647078459936698500341855946929165810022238100222583807903253514467210158383588412763616102255163610765
176706729602183368498720089483885651048200304838040868112282438571336313527243334834422856312871268281682310916927509268
184951837920646098370325456468381737264277687405445602738155836435672148610111280303840175899272263533104784873699068840
186846002791459966392962845597170979354394572419491593635000918757552589756209017693856325176376584275017634333094688279
188736707666609379664715943957036822901610226971605142386331973834587561117267872972452710421867315002852837245981495083
195606686966222948960581912272525304237173421490252325572485490084842874407378214145910467741211955382674847393785743687
198527914016527212914123429882787318241154155271315872292573853713968477084759355762572743856291017132361648917160482232
207699789892092924562822275727015592602354681693729534763856660151349693383894867582852638850647691377879699278364094691
223669898601115091116140706211081063542706371192784468337796138316170276342886893630160495894161474665696700292088638098
234186024226700156487562966438757809925748319447228076255259554553736444790577775716815721038542703910967631044551110478
237276450861118157951538091759878344937615673390341188611513842709996806082263650221807247395800220169270984430940650279
240368348317373219524068595528856786013760591482358064771914558997869508146100474824882150387339562956294127005331482524
250042386798995549278494114028309254786383263974664231835784948356990362008342227012909828225965349619403522708226846234
251840467686146824598692151045364371113958934978355504051914496520858955561171156433717356213292411369106024169031978485
254151455329497264844291930712274080893790787331342562621195422267067815066388017346423614225983179718455465849932451764
258568665468614315057095010391790596393395021991248167732590370362209476147024648458829497259973148739836941543341109111
263786162821119864358729124306222390624595570123144110808498195609623686060822112427035054955067299190012333587449661694
264639775486525445968214523369665122504242653699119273079708265914984128816682218752717426289776967640844277349430567238
276171891338323290670198555503217661993159618449496540449568850876992348750923632579626669451011191674624958656063170807
281471988881413190534616157210277371001816770390229402319643177451886306418897719710821062074270730787278179029729955981
282007225466092589747512115946565265374302740449021703822709365932075610383912574772987142351994298703310078644278204303
282550581200691620806736811457761359818551661197605830564182498869584937183869624937822207310124438601545453500903085658
304153935090583608634770655034367318923372519148256092678908059854436714877451476840364628395258643007254984270734938998
310618132346436766900549783597440406636798573634415862613127080578967309187269973461605826467658878225756547749988335907
323813272539375874451922072482741535188444510644224350957581543275977306186918801527974258276028984625950260480872187831
325974285371042018912092968615325826405235821650042973886028803817306068918217923223028467369275718121411855307678453048
326220358096445531015921332676889891964980580806547491405707023322950296541442772321378634455060067820779685261416476583
338189095370481707842039181849324499139872620545113260302134470651269925695970779078565709214892459038585916324650636278
344265399297835946265176791706044846975554985715138220966998456465496910497996192631891896297285223610537408135924459172
349024107054224165468756156835146496115793605910085064273054203849400767360433101296931310623160876928253600543780925138
359680002081023466907976670682141283897955458178357278608753012515375877962679350160283601295206226083439560801889312968
361255186174921776267138951579016251308840461102059046437179814973733775360335099900320593667740453730928616350993825322
361752313563852822013703236220340287411398145735858387514026582762121832090527575201254669136752721529623148080956319692
370223643725639364008144905029927778547932821689444901715904629601029266598233478097904377726726805654815689062137747684
372034019546022581604448026310083274394263372560181543637980662981089502677441831588013123715500622884065629836484602371
380112213993194447780794101571379925610477098246843418911740192746517189676734710675052313122179000794079269075525972705
384922122556353904603932593887401734618167008739995323580149155153253330739992538677023058830829191666415316554809470506
395957715793222962669375996833021268222463051736315791494195102836092941635225406707576436811851139309601024943084416077
406824547167476694749331583124560447863193456189910749012543674141458931670924733436264868995991997166344869814766384106
410601684173720262575251429799219459531332615010875765721632399382911265198668343699412634512626556098051770667243665734
412152282266430400029590042632932850256810732417129058239868702253457094085977812456346214610777411370870882384263420081
429697305468462407754487211390891225858428421713012080946775254284883341850928779068073182505919857962334914904864792613
434990723177198052874767154959414891616145644926936517783379998995603640599374479912777989539273599192152303312609783478
435720429082825861133173965938238564267270208533952640906696400580741213118466067330343884778653950213690986627205829700
436645233424584880529680812515288742237632662479922828808271608603488741835245454647836563554351861324514516369291133977
437183666252201593811852601993207604868742187291025566637007038220150559664897617011888235997394172850578117011901955160
437763535924252317429412374652559094348909937965207013263593703662207136775890676347190252421678257122492994602743063260
440882218475475450722041336947819218855236998807955138621321187832457539295832501487014360475207535071305010609678389132
443702573576722531379597560349402919557236019882500457966759285211342739864068788225679542268587756547842162289236467231
446316181975679941064165072372038888753581932559634661096443292744852656388263496382360574106456835568441317447134839703
448317711949616825352882034522823218868678541537031334341274876386609068751695319973349044288983963746342096083832837407
468533633271382404104388138620976046941103097736725647595052522814131480925233719233321219961194244498673691741348861954
481183855066294701662152113740941226679402525177566808795796570825261597011945287843109655146007657861726742649956516766
483385597821714343602553730538721317059500748124935477620976662807287631523791755754499832953882219115950080536308091391
486669796170716040625893459953837430778229164541505942627976665588074124157067417778503133101347768618695273305695401313
488788934343591359637176315560898735602509416165461174028281630599283926427700041082319698548717346294550638880980933857
489376974137010824876633029936910170846495635555966239329415235437631294924509704242940741722982763924743400679938959883
490490691127496118466156160943632403577634827225819321295486496024253159561694420851592922955899981600544870712411610698
493697040188166245579943234754683151186071653843751454093003739821836005283473224712582283250335975556225007296647773715
496243790751113444305104840949425451979250940383156786544970018207916219149733236565029896579705588826402978509310561764
509532754958681059878724515405430518641433768739483616827259800194622894743916224794668437787240097706239551095529517668
513652086729836389513505750688823648207196158996026577614760015193340894802224510314500440642682401966312444685896669583
521976330942439233173642357607455455327467902422044154202933134986162145611214841307424409801675783437287872526201388871
533843723636568037664505075311617538594616717963130055195307063036991335405049123969266987150419084003518481442388560440
534370217475052798554743378743660648831229871627754624873015652300336963766262386761350448967399988977130048699826399347
542404476867728231086671696213438855075218914136648872410805048475527085810142744720530192748015078072593840070978233842
544942307728699927843194075755665238857456221040510546435239544725910370684954740841857887936125349337455636662943605696
548313138129588077872377274354479769380385890316110488560500691771880138499727228077586953403537610660798257394181139583
549811268781778911589243643407469223925428702614080024043915814300370713087836250877263644147285721090327853909590894224
551731632516973575580177219800246701201876764649357355587898070602259423360236873180312713186380848544718274592487811817
556329250809929736924195953228942445845000309267239220601677250017670906981271727295968408288858849711223399928207610333
569248900154626026386661597917683163721186218851916357800807260151110189458772808116563785719746875912334382172797862618
569798348727167403708077268003935481916242172886191703570503697170430726844314079493283075104461916893940395655420393292
572727650776580514351358006904979693767968710396725671670474682903590025878414390647040627931115731458389999951434460045
580385446233324819241830679868244398631457468707767136384251704826860722076116659754257553832758380062992741977709757108
582930971435346675954547184100922474126215371606455289779687088193176220054943640177475187655657302645071565882122332963
593146094038756064733243782509869434466824141618224465272258886100547831487696234758686283968552395571996821716742178051
595712681268002644993446313236345147479402880958240236271398952060702376067905701755196959476944194341119504214588486263
597062418270897031433672047967261540731948293888467018712237944855463789750711854231138144198511152370219720230178170685
600817325597813551505281714564344139695068877107604869776247776807170860427257467224532933810889397626253926811154084755
605864595558397458351977008554159993327676381418331148609741460408734756483620925989804592692713985250774653836761638037
607195187837817710703151930884406734284772519917244351306064283657640926355336178771314819824386164695179104790844264196
616842875252370801814080678796214021933304704654722449825471502436589852926240214994789047348628398481578406264489921166
623689073002522122408409772361988567222407670816643359143529670689024472436243536515894759475910341098325824344124236680
627498522170863457002134449433716900872196599786987303488517686984539853002805800784197371285985078915016365537529127148
637614987144720448751894343683004051700593281572331581177591516082772593047932603255033342702543936632336904405854391456
638099829112342701108179643223040031787933776983205833897103856382042467287011933680229666368182130302875258012991927863
641454187911435594089227045898900278912120452822448112369218641111702576676052308132779138738073424077516075500211515945
651903742689965086944675729080261180442082998464124489630475423549500278252520856865855262624373661575641643771625618562
666275790798458057093285568199200436412146601129716932894738234062094890200424705863627766752007259974820137142176267841
671216745574327442385686056298005518136875345117969558274247611237268506304320739122206608352115668341926697073180313298
685617255542335850205484454826557680618580767812054705236600477272378174054827939533162097619846697255142309746361078476
697696515325488764345127225560471704165641584674249811581069621458206543171456052111456080424534241344491513538229995801
715271948763219024419706822772123998721358832102162319539629730927753631168260099590950519221729989274956695152983344648
717604398571337483982847648365524773995850748931503081004788576996150364969402825466626784504551778835556792575313109740
724432032579004681935086777790272453241171016119358458368967135533174916381140811021267874077222180969170208152483012367
730420664602988463397255970115299412394138152287638711132206886050476331336899030388295111968606682908118695793320142454
738027578726867503557535302685405519761684742594853501491697029961410736371013367179396212827807935711996102415422423062
738278121302725398426120057553758525658263236871203675551639596786490420112148838080960751490586839467121790328731387003
745110971510440265572212868551659996475818409544850548856022355936300856311548888618141761167181756603279478635297913684
745430772360796992255875718619233414853327848690210413493214266978210997368925769197979596104441147697396124870098009477
749571595064681286894469663664669843594724431734705045101956426378448143437840859246113091623267128567386247230543203552
751193943420545339986820613709306637400474607504336386200436055757684380011074600882395164690045035490696760431607592436
759162093682002587292311668419040582588816338972111918854333200285447546162057963128741217491954762773010724604639713943
771660553187091444419176118500058980669113023121846454064280628618495807153175139562508925339160292376529839280963722182
773978398551416526104626727266138935565370394341457734891960452259700085724438278710301402431017559345408395135229471933
774160954988929416033617317912946030956667898070624653419311065679943801392123345800570226890905397681059124587346678446
778598187818919827306857275325244612288935418058175371025646186678424906236938437813340438644260445020316718875629051828
791001713272034990158386665189110683120797605581131121470435560477574384784175732087504621290970567939129807978425559210
796308396179308606578732039659935128498594240253426756950364082238302645340320411364404225919891078322201981766726732108
822178666289418586138738293014141758133237461118225135800954395002076888175577993535857444673339976725912208581544460528
828048762731869684473707916600358919366699700618220657450876627108137807090117696107681252184102542361030799928276882160
833493070967586630594751753195574115004724096519859213377924163428198564458792947915500741419028807625861026377400385051
848515390257929865886737208953833226451873381029264794648843176002899203961176398469760711086309714628148637495015932675
849464049257692259697879980736466399190286706195064449263494198751551516549739101075272571920216496096393442812961816502
863589390922774903987034429908726725494311737755532510683683352577289506601574498853607217492949396505745323005452369069
863880813135326430593451524199238838033069110893274514935292165519363320234158846152135200901487633478500470222501891073
871556800544394690483770822916654773025871519347266307172207226390541303320508952840509338080960860930693347122307710436
873997360763442910158694770241258485907310807945505767102626700881983535879284978317189674628146277170678259021682182523
877040145202679442354801217031022185625587224874211929148043789780020778646114708639381634184244339806005731829077210819
877364967079626705655382679452668380313134720791687060756568767794911012547067237013276428661446092424100987914238150419
878247316728632489215280472848883267603250390071130019053831947760162030598395833951589031928545739674005908426918488866
880630573360687892791366203645605627943423450684309207786564490677686078206810065130681791715785376102889523969529979835
887823232743777954216440292024303521817263588178031199878953120636744443221173897500551039434739790157754015747322499839
891420642412349780599429737583934492131873130708233828576867369991694793533619996063580548654665521099040252165678510059
893136651019334453951894353385600445654493150955761107801615227644107843299721401153044443518394428310537220229139381436
897088341686928974262499781167617988547950975313990039261742664907986033793426137297173365764899724131253172759455226806
904699942095729852901025645104723021727037970746991878612210425387178496721755001400328722687508632150081998285399709656
909341897825358283993997036242069454531590483624251398838319753616133486335069671957838222817530598450427235788064697967
910617195049189922757839994441459258196301949904491253333122476833322226224150322706687301771821950025942093711971609067
913271490041488414522142688807269898709604746368673970028960913265398693192059657592574352159872246071241165967854184077
919165475811643499974016686044799194658975705797362826626684787727158551557267741631222369441822735040040947915919084350
920418620469354216838104424537364086582003608193165882613551014562805088183896507795478800624615427169556618987012501662
923291452478898054339693356106322921959272750524425546250278493647511932266702686062381462596114381266636612188541186286
925621013554900181564928023649959794783525430813581110961319789844689984269177952174250992770836899091018909211840189139
931476042257170587199624896826616798862902522507602862679817959633319629454641257506344814412194702916750842504670712168
939875516948354357087393514449854429662648076795574664263623398481793924618252882875991489161904994132478247882021998410
959485019987857599449780738761605144763570683244414552088860988006233705510339910449949443041596524475530160566392315155
960335504416874850484779792552087101009055759734841558347194145282147826652357093170795598851588762982300220385346842400
964420489819392550239264881646148921294154640159922800780964728721112974484118791666832675531101228706702035130268658805
979903813989465511752316496420415429521651906990150038270426637387682923131735156796072528433774339124551193365144926628
981418210382641476192414368930392490581970277684747887857142751870720941106260408676496112434076766966322149312927990406
995854869801422828109463880460747689415768566275283691391156758944707929781289462783206595722234736893784429476538899772
1004826863216968941294053780037337124317991985733453572011015411468907230622335355125579192189798499736081011983777113542
1007845883966656863789712620166009903760801937493743837700507584611510322365442501873642274072233729253489538603902787608
1015826962655208400773429036981525388829772637018218462069336854009203069347248008934897257406001044888425673095990897751
1020488250223362286544887208758001136204192454893037516388968089155599243895834175784636007079481700430489111407836037776
1022856788555478050781828451434638264473886320346742922890322965072005539489637543014295136279727632279115241389098903760
1028478102826470978976211021990156595558548293157173163224353845054053993771516355625818143955631397654815581338064338031
1031306731482205029210350378964952976319305512572106227817878670975767990889131430360814824449812761327625412970567185045
1032999322278982740949570320988006730252249441496145688290347857996816280733412232857361757284366500078067780296067083467
1034240693599151240905819062477538411956961426148684929735062816948001058512783974490767796578495926258319587972502329811
1036433262022457952287923327788035402733521891716532656115941596303300299792704009111316486462445902938031210557253969045
1039589892162133684490261325608962854246164988873603099002383910278541222548603721777031752843680242418506208619590097071
1042648224629279924004710802435436450440555009439297038121389353321001626264992590415513637925652228111969036459629008876
1066984960051294402072986177839330961287758165877258205106556775847908028434362332713852611857295308565146006113661539052
1093209427594341376999480561556391918439586168518133997632442774585346897817349770491239227836130737517029070787993317987
1100759616191289875510236416868700304501802432621589642628060701685176231310987696418872212324244818301256407058127126991
1115696482287921573268805412434441773074062297224587915383194780454459605654119229698508936259980492175040191842246184234
1122127467273129906317511618454979684005035313672575617714514211596829110904627359336042671190834462735729543547159826123
1122384021669658908787132518857847856562607019626656836480798671805113493709320755361525261752272747133795481930494420292
1126299127696666530499009999425387892033949600763021787778959154766838970072890046456946724358799543657398508938819177788
1128358617665339692392400852642450587023411808226455248638864989809582970552696778964366218871483643518991052965439181873
1140977991226293796442616757280432875199446084207420001868357116560730215710003630232730766816225503737254038617195974131
1143077838909790827632451139820433934156468801667044925713960689589675864716050148578086132614854558508767686684326082910
1157168261270656026769619108851252239353623767901974499867283940920108636289166210114311927009686232252439596236685789471
1165596690380982324141168317938883276680313978214492459630407441835061375949385414093970976788730822135474966106743622300
1172093430934786321813702292299392985400666060699512820395982037067502400786872299555657456850309312899058825550263467657
1174583213238375030626488673033833766615073012824985061373820595912613320431184164409253782564186296523665099803258167007
1174703474856798306942679525347526653926870982743687391463092613396698459376761064907495642558704666162659718114711541705
1177779032774289193228486196878512323002318010754930920510847101018535442779401540338704350475342855818838047049583852840
1185957726978035013433432513286723586023362432112861717483738586999923344048059425070862051161985965740612217658460542446
1200233404158507890548092946606943320156853423515521211194156001278014568057625623349995271834533037668139018070593513580
1208794252931676712342368108300736288000748955009014097270642696634745391818417314663608051383043001592825502326872638381
1212670725112468579645313780018407912906046207444628523666216845654387278560441872669198178397083081815491313078043830435
1215251964558670268783485237818892167769056560633605952421868193929340006780784130492136108318136039329833793748530260033
1216482677446570167399487140450752743610982424035111213149153350474204486180187287010240728501118298746186017415997777528
1217650734564191155913132067606338061439270268823169965534760796833938548564786195934165943517347692683546329282613745176
1221189070035831194761782335953923819191622883166183802390020342045704947592154035212824416974068008201375249596044258748
1224230617489289611665386273210480652503149047162169165289379285182779464861876061196762123256644877554115336598438457308
1226391961573712855015521169832260713818341730044331034770095976073403601101010032907819625269956617882828586971924601112
1226854758985923586348950982021424777833200317430084764000889973322167854029999614225021803358702999734141613251284962200
1235645718569234150460310423581145582118004701273488026102616497818368962857966152611631877149195552249882854778868320656
1242700099887640756315492751786066513301223615752778364110232361247034328240683013783314796665619049750780695805886625913
1244023669499236212730741775560657699139577016913950615129492066543485182198130862303018560388817315293005493903624301218
1275584477825827578206132447900241457285496556939517788054439566398864805318350677123388454997499647292253038218963902799
1283431384354585949305191343180076380782893479908328218925771200026926802276157701973153436141101469236146178594290980616
1283865028889068676049808924483185209886323945184048730046700166040477102273395341526861383190846155817279133211319276136
1286582850850105882116287912921634189964583533654961449861542280812514698674657466089745507985087336365601788099306901416
1290570536370295397309573364483040934198997607115945285043048319883800496381536032209760107510902077632302372363905451500
1303938660438266674291151982369447802052115811273426279742773474803451002200509279389986357880176901955069301869692337877
1318905219576750147065260811788759655421325312644366552457595652933528759926456827761122867108507167646738378420127577720
1326741554532164329249865624735031440652204867789888995757707488475554705604206031058563637577255193253031075399991470667
1329377303305642490237463618867860089019042630823363649173156888791965549204632635607164756259395388380402548620675241742
1341421947601598293479318008014358105831557088352840644412279781970019386741291398446851231720936218099480062602167441214
1345695168209777193865263272828064001682670918264650027219604591770454270783671117531742487732825590706529198435103729015
1350378755581681716350210476738257605848890899851445236255240029352040179415102888292012167266017776416111043860747569673
1358356721331748678379674127878213158777552395237113144699811617611302671537239558455132079249995289395269234703719923391
1358442508214324559359582157486936210886422446603724100369690938436980797514457896755282470870686534589915819677621501303
1363651139990659129319120055108142072636347782830741020888704707436010336410459342156935181148439079592465915774040906040
1365766574971275897065356580348617713082022968512498811628228375038003662620534386119793191479761200996792931035987397225
1374365253230163532378406894532816556328799613535475268747253679364824188640266554754315482489711198414491587365112941214
1394857406149473491186176263123274972877057935649852076657388490551298649138618979497768997982433106997018121228500867675
1400378338456499086797509158542520588315817292174063888748685134616610115058609295983486406638293227869249675401347210310
1410690025794982883552254404124131370887343310775847862577914549191153461895955354834233672045425248872768991191259960565
1414707023112133361782598154471451673555163621977330355688422406216947154332894463822398816523382543627791335211200234943
1415837680554493872414068192423059565493299042156160296022636935909375660366032080823682332349210669121957547360624377311
1419896347462504126648387870980758689264533866494825971651060843240191284926898493496737559682007609474718632228734804847
1436994018048417237671741587296006543753845088396971997537093909232573255932108128134408797031452815455141111473285612748
1447850242755280935400933809519032724675220134387986363913456260268017901983069198026792216577120733686673948142054179830
1448973737894280149553769574128304844552577188830229478126676573165406539841698252534915362980719774015450699373299427691
1452325036198739696105985612315057892023337585529856704673351248552791147784957411387757624767270934048906747064025288303
1455851853949792861812510264115943085638219310220707364286954791961027799090223889168365139089221398722338107560507052885
1457993730913398321734312553225917632517661172274706475227429160446305638580120107078190326535348798324544092969950802813
1461239916790690253953741980971363310224760910132969592048807397160080117027411943136331290413115767211435879907532323037
1462022421788681042809767688597234866278007947590874075149117518041342290990244786518261664727510148678898845906996427083
1466661554758385308431603254268272358726059631843059124948410996029913799207858078049689552566028636155809047593654120493
1471932649673831068852632029684247085153185110022156792648196525169125788158275283614764245190599878602730471978524258933
1483186619475571087168689117929388127203255533177000641603923105161964767476879821369014446905731526715721378601230589220
1488329887686725495504793388621444508755296054729453358246529512144739058498398543431302212156107632533125825399241215279
1488651518238782425891158222753905442898717335518483503746704727431354576158305006656854117400275769253639979618793895001
1505773586235886516538639239789132327899043811486877912904944300842811649462390483872330202616698180149216524764944910238
1511106186659327236110556380931150857936991671647429254432052476030267503322744051991300953518264892381490769555176215691
1513762623496876889761471147230768728121812722340471501437188232573855793531509821561845200279451126038866960380890024610
1514458718628252736870068143593132884317791572691333089654373127592443828509302419209480286636913587055935020864776746290
1519374167822701460550497845319540282308921566291325007104562803400897932909120332276360747451112479709456126544137196674
1534394317192907440083500700538235284109365394713861440201307497457308057541333624542642995843742770677139019939123994391
1544424677734535130746988771168412677433590720999550052390577623453399346306514901842039751907181648166451593663447771222
1545313610229927592758504042445826593769776954586246670208147067574993524357555798588560800534742870642745885370384525049
1568148468447756476603580040527099079154589618757289035073150041438698468176660172459008463984426185774341304855369793784
1568303620920741469887775750227929173537407895225626721689106860960988359870416960202640709395272263852285864995130160484
1570036659568777010698914925417412180159990098787693248156942802532335499941566813606043683225757538272583895868627672144
1572859352280727922355853242337404381611128626027577497541714673621968279693460453949853619673550985680090780220092369942
1577606944524197160168917104696656477940497810262096673107621623971068750206468988424508490938924505794424666463683916924
1583141881016004510096173769407923858991629726621379322190518677099108140982550510893928124598116693419468361047264302602
1593448230566916867798215959954395078124297425647208783219962783292054165956911984146054416912525604162110770058604655229
1593836846107420470788952505188440616636577554164332455361920831505892996038716552922828915016702423374318919779408864208
1596327418231950054511005744268153525342069650307377332771372000491587774769550150360856610207094276026209098963353490236
1596487141132067831565708125228505874021683376249459793618352209190766654326474574199119745158286533309930728824936280111
1599671875890746086151007184990862845071228611063470188516935348516797665417899950871264861133843139948569576505197279631
1604698489122827575682306890366962958037712919087364774961816383124880505763872679185731046708562366931194374588581405268
1610362793056912928442500010287658459340142328339276985516681902164008837949344246179322977616703237495204306367440353087
1612717284292395335648502100384136771408150521467096879135327779251784525749915386799044788970094095964014538712629081122
1619972858362187527708654852730638663700296432288998473114844188544693791608427132409997289901999720115378000287017370551
1622555260324266798215284606115776736188007008733879607644050514487715154179648095026964357896167104988540251351218650467
1628164265972651537762271767340838362782908916990662193687176642553137357161794843082674419204317651842373923867490688228
1648724171090938007446479419188252373170764157020961610213716556521781743876410373806821210068998626728077694811813825828
1651747723175067622861253846539208325034008997879118368109832168097752001673703124099525046961195575060662659081445047216
1659277236262505182996084899825069386082441868135172351627542498742290391891055976602764182035042623143866822524819100310
1660093992074363363690008635477684243177841612847107671988920502526404513664915935443507147170245183162360194148617756714
1665171450226968654150881702706484604204227168105928613600245495598456269861685591176342984301560780207119284709683786162
1672828821429374965340440373729708680754849847730441158736665596434693331299454032431533921111457988545125628738775493198
1686127922786814624553130199110699521992161680390229611174372046013519263417510850580082867516695927293932935058883529331
1695484710757271350525633875290175007640783784689871360446191385856688438288079555766426688842751126280605281001344503933
1702019790804786660389280568841813683334926816695241398835411892501929140140751914300160927490706413242794511114069037364
1705110132517720509020479395385218580863452277520243551876247021052989847457204323867106667061447286893241046724380260211
1715633038825188540977271186156000125113209758885795797210837994841597170769106099459711246228695743010345720239518692156
1716897073678701310368970258214142254737730290861275772782767954910351578815035564504422046585741238575256845682183761259
1717949382225031318820314022848993890844791912254997222060222949052644081321003243627558013533294208280342144851632305302
1731815037431939381390007486247513642593273814627055203008208918913757623309665617489797965658858189366407609530241163965
1755833525775556400828492451514942296586821699645941654883437547117745244967693124043442504657223496548353095535344941845
1757679709926860620273160258489487820655568127254075336171730141172635073745467422141915951045523380699801478708482577561
1764216890396348576189795845314505623355776329386422990779258935497706399034055178884749643545257232538659636322005877923
1764439624991754631664048721155130592660734503929367288963313837343003717368742986441638886293452547955586257914206127155
1777536783945568060435163032331319624210271685907183273382228100708879312719002862302289507914725350178594485240325503816
1785406134650913369314383159295075917963248256528691190998512821353609286334317803132335426001641094142278798010839261247
1789452804169641799508676948388171544059369037340839730634917417146500365651371698225795066712368118746883501760927978237
1796635920426249916629328021145055344685395680818674552110412034896034014273088377748849996409952342284949271701993323270
1799085166423858782657334973197806591168107432011909023592362738066770459842787292536346399970567586416180629432506700884
1804045074520560986539036869461132510804189490424643640545272842080965063968041774415613160244186134950839290795675755013
1826728555292464974855074743992114789320298967806094191124432108482917534050952201334777713693543340667417535685329307986
1834867230059374264608337717630030818275541478626784225297934121614573532322687458679155327171553482490458738544257398545
1841143987578963920359504448303898078900053709726143853007215924342188855145092763646072889445349439464224980425608416672
1852816709132719359062045494637657552340218841304416538157830069104081169950040078888125944183958317404547651546827485922
1873132243000003781049653542579311585901418295581386151435373800155162594483018670805667710037587146291671816550039046650
1874008532159639840972783969698733379465136179877102725256957500458547495447408304651617182297145318584792386964318513606
1878900561176296399877637588161957157506375520805841753350831937027680080487877774919943659788327265366963393604991211435
1883113252538833184683518693746669716007532962881303293406048679442890541184288098611157653091519607240173516048016560439
1885396806835435173238824434786002935982984648567515960991516654455663377567280692328508394006121123271849804895607220657
1885597252778962855832086355368651532978096623601365580521351124607904899550168925973467880819212248618223209383300754654
1892356698325249732183630711748471054809994580801590437391586512177370153114295920612413026550707438503766155532114599418
1893530727857330693966997500649178193828075284697134269336997674823063345327909071121349355634789198332439993111179815294
1904592168169262599912799532842406378056535419222963814298108908428611145722833093279556859763553807853071948420682053687
1910076164639100391261693131837122344197169031606609576035156405648391690432325071413640735928353196483420329796753713974
1919592010357810304614896177965554939283866910217358938321969607955949815361064884386731201299569756409848110188720842313
1925943065424220542954911815359409417499334100002879638800255289257401952297385590515160418283291715964873321853161047542
1933146086326652617977108478610600687389066912381918213260705040456217879650184847060571156849947960586559395697929067251
1957960456764727971262534705859458176894768404128275796630141316593410174606887527324405452016523848481402715987932000044
1959618491684981509658190265518847758162639225499674633442193932813044270575681779613578318681374612901680404264290431886
1965272123092138312126205686404684343152031316886789554731666636600042678942924098895235591555671668719686499464536315893
1976293008934286492998048737453889690613805478651335568778623672964737142459833080023653806692349408962319284889593577518
1976449807096238515932069230566509366022361141900667698634718282557613878236843631855686169414705567861519233315226383279
1977201242716580328736864126849132704066368157653082823455690234980157312331405341852997821121044798559744879379677350767
1983708470470332317599339394251243086551940474551029058004492874058926559338434527129564520042159291195519021258643468309
1985299295128243439407137684172142058198288107682742841132942658265282648061452483041507676103864173825136609309169192338
1991674485698122892892862848915273278691479717955176454202411108440340572245690648085669272167531335602393808650159122062
1992316717358116577803586492518643934094847816544410401795367954739297379379843151516560270377080979623999259921531984611
1993380661805631096626615534374777771550835922950325106449874015899297691348489316907563876153442390250000033856282799824
2001914499484642761139528062786909548545680170574242343945503841743580547509069615064715648017948064467684141510577982304
2002434078555430616560336365169152399816875686134519595351694090899253895653596338879139132920640804325806397802590980089
2002614207479740603544933777100255702485411310241050675954887096281819412797240654921837386594428118623762362023604630411
2017915023867957532387009432294517639653903544411613228794062106040616649463733286662078053573570251263585459785253782737
2037102446179863392738485599633362205032069148330152724726197294656105635133644607304652517320942899569084246379606449739
2052611167230651476381379400206137454541453464185174247082135948861963428581641233268421698425845608782687822331641773404
2057208259058030255856212759663281890724524973839872341955104131482063042693022299956856556077297757820071569834440376111
2080673842346462787999655305493710184331557852801119629929153700723992642512464017902503493336180533664568905203599802548
2086046839752361622005744045555654203489450686075472781950381537947053509467342668538128709400953768604888393357787394603
2093746873281535495878359948314239650718541140294613350822093523335917475894945609420905644063041446136636129675195409715
2094805965572130952097782246285725500885741518939832750125928537246005522504091563247208731459769557542651399975011514821
2102986151872362170244607039074018642073612445160871483811718247789458061380262392996190776527159052833120070587500650892
2106095082998522598779556884226236695679319988874894473900105706873730976096481585531358658109176946350611332688274497448
2110306993551425057274980953176259210145686657784474175935965584994870804079293435660423417433630845621282532566457748860
2112495754034166520686393900944422202023176954181707239913548549528342688509210213225374620298215427149226482467409169387
2127129143634650033137876172101315675471647649230177828777885809822592823676499845594667042761396214979549916222619780384
2129587611764918277629942061790617094195616011903620222311380724156430124980051154411449709584062323563635324553734792453
2140499942563696327294876448378718956128645550145736414563981174813645731638493732464396268924618626262903300285773761714
2142233913603937660006783161170584000785677310587400008958607023754192384268047197761590362423476122297171471815340269104
2152926062833613676529211718853532917259579996465091973434817762309377092245753341207437529845853288762504499977872698406
2157585165368651712623352470999150960586338849370276139636733263493085868407775031852652626733676529936724193103113049705
2167583020435241491550710648259045273836573712851814668270330829169139663120486803025334237812994941251734048297189821135
2193408117341695747315890103070682049717861472979746022786101314056101995842766255164339366106717452387219806387020785340
2193748626133344323858176384116086734177141949195184984585137280490515373731743588919062698935067712272965251299398376639
2194332368919462910137108855032127636474198052162154059999533979684019207248703531292211405488513081843725907918245506402
2195453267742342849326060165963686514403425463977452161800273593977889596431965644089691658841939224453684465142709188366
2203868792269485527741390761118713912501419599311782085343984351073926143299877689709699730623212357435998504329091506650
2206508381224548856422689028865091083917463643320715196782522150659724347698776761151967634001668401266533989366228291273
2213661261212966869089230975791524849966696714914235604673823095254867113965411970434611780529988676972006354668898504786
2215588534111246110308919946289949735155223802011131280707922928430601325225672361245040071158240185325727143745609034440
2220290997924922378977048058662591287773789875111676064865467896256484029629135647596114049885561877001270308677824499014
2233075851060820066561921772648544696611788632786480626527897455870204675429162922878175661670310229857828942596745342573
2233798305926452085150090362565328817898543103406887196018376179133912586884504900757805974446123453036514885978992375603
2259422470289314452214513134493360818440871951103232060121523757635369740200103542022748858435650552689543757754363283315
2260466382522529373484082772855541323271919732699146721419449750138007924165663600279695447162123703967057726668682626235
2270789419633329010739457530450363348621316651301251324726578284638523699318924442011269078372684425521265424261697495447
2270943192495691290769213520311556194838032933312164406338287818317542407450196787765534432097303655518264573040067896864
2272107758269501031908135862804119467473277048948440475474278437248201831144968469910503321889763917586037687566345327735
2280504054572965618329663655085341137775905896246228679047322237658274538445455667369188085193391703594742942054653489216
2289776997841720001375340707945091315588798241986916234849594311838150101435720136522333323818847391791092586083489032104
2290186884299261357845145030586456685180122151926707231625457702611409885747401445131449031593980637908000709372188586921
2302632082020593397488727809415655116061656488158783338003793618470539170371668260145267968079203599296766763557320516107
2303080403840400431505220292351258414659716662712133878237276395865094996587379346787886766011751910910922078358986197231
2303956089266044656572942584409796098222657138575421828422945987443811953999628518905090199849444071200125994066992208940
2322927824828721621644081055705508366202645231320531578697195875691966169630450870674687588209080190685246755994935712948
2325923649631398725799580926506168782393780471315143304595242307846906290199720927897391460196203344187993325819340206054
2356604904834322233951426099643947215781576707252599287041764165131461278674543656446832572046884141181777123345638374239
2364450932998048570456004345775875718712988115531760768948198945406353145832999327734639440598691225249008313524787130956
2376527042596949992892633748531223824539308362151931817213715581933534645072636810710272454398478831358211937712748269476
2382466166482375309651303594443443319788210834289115561906081657920423411911316761211335461614126568156835835247863429968
2390734266808196635786543118473985404702923834353660579697164851584443376344822066323411466920654100805419229306217541239
2397821677148663347349493911892980520910990906363512026814291112314583936226175217563454280478133552029145637151631064427
2406144673127160231307149948796971344995103217293576494750465992524463369948687350589541820023838446468459377775744171139
2415100819620602169100220206182392734264895087561985957512837455964624640357963011930257702470941593604353759010493119589
2423397429492098322056913100787159226683476193510269665224824682316005493702778363118230865417396187538228131622030101951
2435648382728870850000091006519700952729030989643858639192575194551597510454090112180557367022703568778935713832344190878
2439610436404810841555624367842709070303912839922013107780581616527242238015201975615310081996986458765295054985065749573
2441570267788318798124309283185497369319629022913134872429281322184930955822691571869810284932590824450052129879369697305
2447033570686930116819751363170981218939965396429906509412188565599433807695107916561288928690363199451062442573778656037
2465292734592588092465735940792171663582220968241727747874604473142943163278368786385982877515048081574371568966097496575
2466177681679434371509033690145037458447089119543159333809413203856321787742049830174375471874173078312878840976931759241
2467693599340072978590204740158933998530086957912406131648325567964652184780764275873047492538245395758151063971239805799
2472113383095505913583429509287105073890135971537989186361975018822111268804067254569438282509750562781704297897432773779
2477804440057949897714456830530424250626736259189643883360270354585683161523567266563578771030817025243633032609500644474
2483799489261373774664389347310468132122664722933293192105618123779877355013329767377647262358407541243483368673292046764
2486711760471837684009178589902481101529083714620145505826299554991395445688905919689191487514692253802909092098137157380
2491889896613025108053609182011307863117899797450752637610804017423129740305390260459454319062569291666252392295419512896
2493029967411314770800709805813249805603833642238619550047337734167199510627630071201264902523249666601446416037812765611
2499397002312963956356719648680426168928090699892358373631464102395106269381600256678782291789869241098941666761161175490
2500874298681397193446644899281949708865608352943099041156040352997927124184126622439772754771713262192126125676570209631
2513885101474068131271534517306105673897737778033348267723585196655032920230916594281123295385360768759525372618891306464
2524186050946297043633015512540128518827670652611167338737779590159059583174192571905557978881594050664860345639506882501
2527685150717235783322255164381652540516942893544744721316097407695862941198323719807762947319160123485049244202009966194
2529228425873913036160114924044908634488125427094637441808482019028193135616404670543262552850052729019889076762859823702
2533262666733918444824131277678718580591805180916755303625233545399878986234979985440426040409217108663604606495031889876
2534497391908759844491641353032752484227865349507213197636997176082163923315538857048911189109971268459015060509238537623
2538662789261432120624215778865832869084314987105919426352590855379240405690840356616882638267808002735550317032790164348
2540568670625113708382961368438180092449406683149355811343273745047793257393099289554207538405318228983250135986400093887
2561033138765079607885059705308295739179003912041353565818722892700840146768295921522411959309943828944205159003126690616
2564614871032427921384426015100414787011773946889682031435663145506762898383736364885450653961106778939659258649791196526
2566943635375368441024151772603986827666095631654184994766257995093940623662670438312407945468698766043636834313783315223
2570920562670958778924096000006656337237227675950363661180560835088712142541695642726186309623645431799275623144421317025
