276094992464450993816225159103794549550507669803502472262008801167934665517413289391075
1641836317643280041941236818782425870488899364083739187152835621932884111689825401641655
3042395331003486368747447669639814006670611180278897784208779647315087861824834776424855
15129010787431663370546535597749190992235304520993201390774456035537697794923257593285997
28352578684639793324864598229378365318445965241991800547869424398045234837722176524230041
31833856334988835345318758293673484887295802785269336542441602374624253459439814209451451
37442202175858061672224230395178553969011983104245099474689872144018696933283345201910280
39031491437621261065828112747798689959360174456800237637877628817329212856077045282982333
44489067723367353308956952156119475601771924531573009330087712910390953045409954583402401
63992454176603318584121555829741077412660150817841137975022438663651586008754888340155619
87031969396911670938810003231549689679996913465379543180373957446821424159727632133514720
96707404330018718799783245909962052808788992088359820363979277634364445215313038683733130
98607885534669291474479674321766486802851846340531455753139600460781966861908205144979866
100847209869901709576768405465445264719139581905184794588853437466354231531040494515172105
106857629275977597836351620050120840686743374098253971624178657090630069690577327836221003
111894673219979935416091876671728127497164607235726851405970302144408329580050802598818612
114017604939282285884051327978133231124282546973663505340110540971368416889510650139288136
118445301907300888653432859218134176468139438057484365191950625070954402648749083992193229
126553172247809173145357061820142770722086943954315899868328702141605270570915248832137758
150232781918155700044361796199270346217213475577451800480492954644958261675998358507723368
150679401769824490597711980206309585514508143708214364345337424490527184355454349568864186
162380168324710825909463188737698682001493014766217868340511567212109250098992010424820987
165596013493896877709379451900285032506391173442086560047900301547138423480214771770341296
175505103065592360639847318771120044911116933343071189128785620751020033821512229350620057
177611781988592913415538528390257903128503872395170145117628967297422684770070870121877332
180599118345326478653055691559802222015959141581826406887862846514013903488211139589894008
183434941639541876467666623586669211356182964247835554585682636295028561479353126713759856
188458836425737880774100973502063971368753558057074529135650915158295569737059707913646591
190017321304253799470611776408093090515898906741522532801227413156682559764011827387658382
196629985849638291599633454217156354669963836773499023765346937710419286876618506787999607
213858267804546586888292963798527775261345757085645369381649332207543559527407081904729338
219606465587892812820278586736564578855428580867113637029560016813617394399562007997777425
226564254761961391515749130001026657234115311060072472609111354541399062169359470849817417
232729910025021533988072657406312388440967219836156966298497762697291114495825049326360217
237517186602543289448763233720604985875099093302954347778270229010248381694427119138265212
239259016428384082147757287094824967214567639776451611482262858915809534781713725962503864
240682564811187215571599606081469229879525399838553909883207436363550704513061411962944629
249179602113175048165478047753551069158249046439665587158921401781172324255711583231198689
275065786056657821285640360268384884330465259141932741836447634371147648930137238247011604
280265116796868278303960326521781025626802297143612392673688261392946633903813989159804270
281884843328951655354041240832443646197693989246908785307342302867667316861631494350853152
283714072217772038680098475942178356692335671701980970242303979027032363498526870081156416
285849132555139217425168211744719049635148633576032652396635193116983412597785365523925803
299895389394715893936220296115454409274689911343621448683023148772186157229070160040999576
306102977425280783218901493357016442872177416587586335761133583997376893754735973197559490
317231481840494320971141583973561186710312370659337820553004933593166723751563939450320889
335539418357183924913130928083145419155762700436023839656893061824084766526343779670704474
341422630294692604489370693971399360774855407595020519961969888054398255822685591421470130
342936941383605684091181646308931920207989194533063748482498981352945859268870129247375678
344198504180956486950635815460709973286027254312649722972690817634882719145925417878822528
345535030920835466731849749319868892814039045931450069506603652465560783891167208404029697
366592295103510068128696606394477547280686842766414417369638346190076848412253596146595404
375175627525791293884687383304490544594206623242821204527123164826106295726689096865872396
382762621133690312323693409306099102028929807982321206431119478891389489858495409183402401
385215798644258407655043094543445710912497871546307820564602523615164105780277171924243204
390637698174338449650819316392560922416558478225781286038687645156711015689378168677197324
391214998605932748687310569839581255337703204199358878829720917144589138141989508978933698
398951702951585867257374732567321284923855853755308403944645566419127299707697028823629792
409116026142693618174050054955972151812895323001842339791881293051761413105106078528629489
417215873207175730576256170434620611933876304437769891663526494712834047737783842000832591
425841472210349226575536366461457510908264344247662551070767489627307626803966920105995865
430449996792833386749096147824981401751866984105830660002874476599823470536587947613420379
437007754694517861140965425643502847868117361796141489541714832692509126469183356626615687
440541594811542219429802693050238274735183166256092071947739891974133884174172696232168505
461493886504910909918230900596055821122537902056936338770632934536358045225706904861524963
461964416674318869247920683200726754823237404205981210527142017434022113456557420159715850
472235002882805542535056261152647486861126743934207400748253159731211327667714438870777118
476842624469800356488856509776504647284661517198327427174020316046829095121374404104438937
479613626481572370482925388961971767104339718810858847589036861443818221524459755505311287
481908992976923810081325858710422718706207087430171215945892861888797285295202118994288562
495638161093260138541619833047297164774087865976847255839913595401744264233702722796746659
498314859686798850167048072847784074587362087830595789708532208386292223972262596143956975
514416264357824382709044663127827129543510911358742269709131194915235878507695853323743542
526642676418857190591184299880861686576664292083233642303819299006863218081272739613030057
530506385108461515247410128588244977713728488902769203970601291171708605166867148460287103
530880804824880039180623607033078360477957445316485668864663661071391441645614144644498968
532852351997654046798250039344206662670418616738131691316452217422039203043485263012422056
540362900849810218124781935690753642967446453808944502538303907019602777930874232348610686
540597152539838372599475137467760256014055830417852044998168700195214557296193548604864291
565706888764896511723410498388732609824099184421160019709653815983957732843939878200871247
567774993268666391495140226772739873927510188331718758507181398421787311111200018373791362
569864474395031895710623451931253709530119120481806509254550867418713391756487702797312781
580063656236652233893308446359880601019066513342000527380358999376118766292400827886743445
580300413402616016134284589334136630581443510498230785375805126795093457193582130409964315
583032024992990251940005523244026275132535977394850603644021638493632607003626714492262265
597397003042520530714554831467579640039120980065041156478185351308500714817530085771963254
603954783024319910461683414885687249795774069559640403264105973966935132878614325126850719
613190524371059194829318681271071819246826036443710185049862049736646148412750141002530767
615321561259325019975074829066420185634890646235057467121738340083237760966795330720379414
615485491485920605072372150070543721222546469508394838955132883358038108668719790099605807
620008257629475315533227536521863932319706542665845768609034982192021204652215662299071873
632750089534968358902250652125188812733280399772733942868096997741694156501281800311075337
635032642384666644831420344659785698018156113846194714618692480869567567728890206354516087
652197957329954085461404801813129533924517807142798890882195421156794646197820411360820109
656486859556144415859653760774446149149376153137184392326547961167061405263232107847399512
670830061275540210063552894296682764196282241277771485673332783768420391169864749464767234
680332800345935626490074588912485991237480111858573348805632091088053912283807048689143279
682489478923158169882660138676340889613882219761141913364584028742412092715660222184332117
683346173947772526856067593564575356360038304364055603622068548955081137774907784027989086
684636892507653786228186828106392375002657076196676891406029075748778160943666470137008892
694254488049222525179053917668097362436223983890429758477497324943997813707726478485026172
712614971002261608378810110096081847935044562492536650085625494546213288785263095318346406
719731567285552834983093043327545690138871281073235467342529868575096677875530424410493840
738156113083300476041791958426133053025607075223024081398849331621124809646931361617883737
745580253547496541591629582695974296474642547836813964013362252107967734507903549990703462
751587526646078798598893806341341349056766067855533542863218835881355840810573481291708301
755036716091859905082144433545919270499548102768864875475736013881254142752687902762404549
766505414119821162420679954112738732729577154882761435763183065990941102331232311175619769
772267605597601418989101887245879435024926681768286202052994296626941730495973936043797136
783919108747923085303009214319837164089782932486307233796284137515565110396545172418785499
785547472352514934725804643856624615595451740236164764543506627847026067128054383870757734
802004286005467591886230238046007614424631409850752935401475003311983602536962210312770849
805166682650590470090868515140295926830508798021831311011043819309617099843815739972639114
813740462044884972056964230242260399561939531773018067797176196496054584637838199689831232
829728012383802466115072434599179387794957686223730402250192287895013061133682416246145976
833787071158969283191835026008088100839236941002839116830587768966378975277669576335896941
838762475568046755862872325144785361165425551396001485819317267376693596050918806448083709
848909318747028994962358479729623216783258706889759693898025385914696352616271616705031509
849306447147277351455379373009913553966470679786430906563273092564336149701893618444044565
850512291114910278225723692802793096698217781794808407330253401919981814178722820024923214
850757985403036491209587294457701523531193173436724989835986580959299251537523707056392533
851926080976556077149955232887298423618700775961024008817604565475967604619317535785446938
854314650038877284357952731676096462016791888418981987585916912723683829989784702086285375
859899291349439704079646485722206964165978493622834733656470723257408605321705201043788434
863637772893910990611040127944015208287680136775358821562221097570093571467105752580910196
866144732032283745840770814971739371776421630877414798709381605357121181003209403722390833
872424985032488307993751218829804763955091731425896858403088275899566299976661992121562083
880668300444502335205067054912063773245267458267520264975865043802123749598287851104412826
883574049826644622265087579221561981598096622950373236660871631031393510876938404734573456
887310111197721130705770979999314581277554044307331057928468467255596305937856509713306667
892421224185981756494711261610775184287870110725427189544628268928193977058095180604644835
913283645893757414796942883236154891879603596279956411796926615723398646226874072939867445
914940560938574682391094420618264129781905378318006307716786244886910781890960664887237491
921388185267672795681064900578104293941094778376803133546696872866717014033376478521508007
943939384808385280513214644445513432507472390346190037482337992021063364295769452696788414
947569506434230044617682709724849728282922597142129899161104360552409974092981293365549519
950216404452475856409074738913653260329747213096498885017423033919199586623684417485957635
953022623840281768495368123394004249322153600421846202165574955000179119008769778221392368
954746766679225328167026515710146236056129586124578946136241481673403463737451950723330946
979645882317575422119836654373754621159004878257678973695609026491727569247230361032468772
980771841276358011266691915493447841089063385026316096880695926001477594750275346435448006
983526195053911462566670393904656895668426942058386682144967140607738197073504432047154032
987390586546139668259580779596505553326064134145378869394659800573198434153241070465354601
988033920888381029754329172835249478266518849955560120140699567123551966849096140144343625
1016305927303817557030128406351278555098525353110416543212229195837550526301664678512972537
1017070643732838095379819797249504803514227625202650281138735045847538757204630552954533794
1018863446367830309995896525302790503614715850138569875371650170892462634232713819830420046
1020605113343685601595836034422778253413845666251535424010717602095702577254693143489852422
1021505923048185689303105750991829831286022004460052553343326387535500565021439824373320631
1025595818978689768888037607090987774369691050564440856147675502501518969849101147996929819
1027615197368994571269707311670743571205732857689603697070689605924558689414435328831770399
1027625104561186194154527372609522827469549431795797231986852355801740962182855915303569434
1034685235723154470543712202047853536179949209920580886089246405051037130050190427838006273
1038197316800964416649425448499632831190155201251560001118414019608967137074955287606125769
1040489746388638631327152462615098605831409451771118192375517616382390053788026887556233348
1042810654114747735986644859480605945673575039870350013955613794759090203742898756525690415
1044279739464003139908710008180064448403647600559909404205195878677293183485173780629710937
1044783687356137636830676146812820079328280582897398011899799503455773950605811660627515221
1055700903179125985942339648494034265296094245868897417218601124673201433732672274642330237
1080293409646487357480876881132942430646402376808552006614772240676800934192714764291122579
1080536965551824096564261035824872449443858291783912930889525072743052346803465913494470226
1081573155769790610487078444005866400146356139298438134923513203831944664866463166595848644
1084018323822162650656136038052650689091981141037703268779868977033351414812994928270274460
1094939160377807578813787449429523401473238012190056416190539263266213171647118378746504497
1107224056491380313100087607477211855445004038229270087319699411964403578136832862115115020
1123602437377830240883373272016880929831312876226964434575825747406910788637170090135893983
1124242458695427437898877360258586903057652848408795380942663162873567189723845005868486995
1131671075197005901444782817469735458878733842263009811334842141173831352612299862724275268
1166697312477863593464519564597451145338112404159227852865090115744315224976915941097368966
1166925987464900432035366623397863737312312317615872252369965449276549713613193506809464777
1169103637151472375506997525830681488598358758908761914914287453538712834107571158050058097
1181655890105589469838866705929393792993648641029238620371485882525611904819848224345656455
1190090764603046424478274896877798829196586111467674011224293020994967367446260722310289616
1192265046478167061647963939211689210371771931324683422217342961905656843703941519737693364
1192802408424083459381730366184360481655315568561922140637018510869852345684248911442023853
1193752001707554448147645872996431322641663122605299575750303580039576005045924678465144626
1198423921072576643573185316134527646482317999830572269809766775612852891749812599301161706
1201331483426896641816121097778020940254649018346334779665758400135067907854578397078146214
1202325557129200973310747412136800261369998608281352089484759818230839060676554102173010613
1205807405748097561204005141655070670446171093751326101862260519492333141221103396130659054
1209110075583904785221700099060024004703990526091604988937223208551617251948695998278340130
1216990354861326627263538949734900013202170708226889260781647276134778987631347846090810139
1228712329147544658503613144605216147565997262679080050369196880695495751215626991569842953
1242125042059551932311128787354374896158400935749681615332676500818034994257255517125950345
1245536152682402376767373907806029356205400674915004380682005605661810127222018104623346439
1248165953795260875962247250289995285458640868003062131651731660312887384426168846543452919
1249077034579657691286603246421616652109378008691945940835705600835774471448402774165942802
1252577311322084411901741138218673914573063584988982273781549188869137964282923021554048993
1288515173053234046467368528744511418849156809348897024265550207909824813460418358228790845
1301565174162142811598588471133418308073898478604940494954615763721302836866146284423062203
1319897737767929259833283247011010777404528692786636281415944581620117962178176215530793179
1332740150320674664416350405177079121055484016834512644467357836186588874201401485122904175
1337169881134648135136142252745846569745642559561792088782544229404871088517785861440978137
1350133330840358507394382007643325553711302913407516465925483403940075005920860738612083095
1357962057135844455552994053369755421059000363118598658178586310624926427643033071180083849
1357991662262452238460726429883365703929611381794046734318450834719426936587502843721624189
1365485232854125305409201548329185222536593836402858946993616809594492060155162629811511882
1370222391698210218856704767112128593251906224835823236844276041135498779765935383622823130
1376767783055836158207805431234916835810626820845244971468593269757790371182127303379485123
1382655406891560227289086364776350819872026711084341554752928939853822332282484488856399606
1383638420366945326498205064524493140881298262580680094867453662423684613042693463274368837
1391336020992769528337968149037028216438376310810072957385633547398445594846383780371446210
1393510423614565177773552668898937919885845357448262223552812819888127926591295288919004595
1412992870876627140807381833165762714269972034836206624425311469763442072360149395778079690
1418590121122192766528587152894759795345861796361794007969109804960157044787217303724756467
1418801589114176973050061208179618307243141205236579621598171776845652915471052260451178654
1418863220503727038818088552215084884129606043249056076355698379927492545047827705148315700
1427499329701096887862199120888520122852065411470055222731722675668505084581920226017405169
1431510294845004774298189768361885320225250997916602516295301841059434641652852429940350596
1438430826611961253404307461560651748136409967557669444928642475037954111539856416528616745
1438699828327451735750240288434285556473288894482174603112345474714102729954897243027395185
1440076476645821821090188275408849977198608203167522338296257818283229138490111291962209369
1452067407379324211053907114053354161571628686669125395109658792610244938898864876381284816
1499294786145955124797702468429968906647732942715295835248432166169809151968840146974790994
1510353632272616630393001810886197706182997670984922038508330761085652784402677980937999870
1513697544602501938993268489367494765767496510822407169174057092991330899285608501294829188
1518343482419414445762751002678336837855130104265789187981442313806379790224161838747050887
1544555206137436317685644846885050420118303532409924183978903350073924577015814610837301127
1547258584139274507205860839090795722965940356758301693734551636329843474286017371010829557
1548606064506975229204672625729661380019812720057393224489385278383055831257365385114241955
1560518776383695916462195899445074421330319235738900382274987671082423813333083938294065749
1568613780220346765682976633728084024230754029865948203237761539456893426592960010059819124
1577683340327958087715242776310854276423918212297743749567991645775743457079674077470436882
1585691757522324204711183998878885925640674111483449299668558564525656718166298559943264165
1591308370750564716456939201723104072944142170702383918365555445966901150720255043223317874
1591619490757361093574433352414320756876974681415406166598955887393294418828893336243696784
1602936698075306541699489445599508903961001664791395872912110379360181503036469330016531939
1608505509567424454624739754772018247468044696145769506809076798426749362992233486076418504
1611715445735147407916581740835812630610339549895743073097369184585003088845075948393499778
1617253962207894245358752079013670074435008684740318836211457387615237320792773831100884878
1632537697043906066247234020242034533240541536680201145157781033966590669458295752401945912
1634395410405239240117356730621506223139336525945150643635167376958959326695580576907823538
1648101218390825580241839356530407877699772121492293786132553397076441721961524965967172037
1651989311178413633232374793732679568218632216939301314348943555743918586495008894956535817
1653703590946764651985683434743917143724294205059319132379162929550233963622971849993261113
1673604928246230853405488587697494695549301446934998844555867190486640189518415747844410164
1678578438534599170730335329955393600402377702992523271231000244214166847373598779212007133
1685681107530316202883885077475310110503054194648089667091765639977798046936759707467961874
1693269069748254738472506342360827869910969842833614468365606582900670805082792041485424036
1693803831891703333305678602252223167669888977456846726120204697433372048006551309468578923
1694696974744501540720594225449098590977282098951267475912290802256271501205265040826712335
1706765605117104399294899983284408880235282468941716636696435856414440538450354742266105325
1723579672435724133195026238412320163880517743430660195594690201553034309475651623289825492
1724181895110139706020626821651438077817245515470298359848018778161852103102309375885092201
1724910162405523891714282337417952454894617561828539860135466851017294978261702209013160381
1731128803930546153161756238712367658845097609082887668499131857174037421004331672755175602
1731708638357291619098658571414013521690807907816317755590706535817653279357128679201553556
1733833387265683112134688921882418682882696148347217104502291021990707357957140735675493988
1747332650332183895703636728094209529252308252012805530922139254892191989989108444886415143
1762007026501198892930853984969391030135815746219987611903618673516382290564049189062086280
1763595887365608601029750586855454013290650029003041724069115170919331516239358668765318748
1775438566764815482425055319118602647932541115228803721208180012795261714397093148846651074
1787443763279408922656529881949445478390197079343972023879845990613848727268034494724878774
1790672408634993094167301019076582765973964415587059733930847884651685672893424392262958849
1800115865778495432549293727305800916581805944150554156520464940123062275146396444475705359
1806420970870258300348104509125098694062992096895829054655166787608290501192773843553372868
1810378392767754681772058847164363190658635815475027829251461427390506410477273496240565725
1820837052618737993072759532174604811821727481560247703385143365067374562508614483525798233
1829755258419583191170057954721890684093949786007207339215685352212714213604891438060298321
1834026126769232399839660782738889622631604259086678139951815822579529472436034595861474453
1843290524447911530793954419774521216133810322455843964891542609751661128373087344160549013
1846497759931737913663242993698926274423585498813389890837704581462701616298238956227246971
1851353080260547459814008952906218548827778764015708137695785631393005582366700301637419568
1853329301778556391941390863452381844912268405609014376249054659674483542481758919765034891
1860049449454690435519315368549437442081276081800224474105891567569459033673140164737544489
1866483848172658039437406772648197056817513568094059303494511598288771496350076410565883405
1870375420518034968562962091196925218997847154722145202692362348149885533917371071951924273
1886483675150215102376651841255222547316485931498693460781150282064744694267952667089332243
1893334377232175997138038807894468213733643292370660946602152046510565091100349580087253672
1895111905788379409472963284719774837759905677962767639941280858157461689633206663122048521
1895224312344696787990224202252292469856996630137756159653318796939754450234806506389024971
1895393233650012782707181571915162461396081499099603936640245491863155914271271227934723306
1896471914741997719484942929754146157299654399211664895934440783186371694713099365133122978
1897945211038802425172171663401267695579687486299014889957694918983091244074486326122457681
1898548744783458944320572781737409417331309567154254251370677277231487014182964409522232782
1899320007264781510137841849364966032133002688353735078421215233511729686139952362516893520
1908038118560476987955277803963912782920957227660774689873080686715800885886039014872672314
1908083332551578888767364657945065067485853677947510953038993504902718970775582004898076494
1911396114830099648444606816432054132891124535051444166514047094397279795942109335102474497
1912009656144228444507758014786778183747225545758086131277970485397069103072159936149700248
1921362908573174585787653558526691855993286160895334961317609458456225419219097401867839090
1921697927217022716794638518513847725401018135519020209393657664759916973611159839423456464
1945761684526083076617023449477683319731795249015651364819702250490639837652240787733477579
1949055511458825072855248168119715173541575675949893059137827980060297271224748231451362635
1959171515754139251659118777355606659846940531855683036182118706041834381550218447689963025
1967137789551350450579111230285874828426592944760713406827584046689779501890270958801609793
1968385206001818046339978447381074545837249706643005972349596534597444756079684369705836026
1974316743230009811339391113527954332548355098479563274341821836844888155864861614372668478
1975962416442082968403024570685924010320324367500512853816312835271138716909746278002353922
1982795192067314903483798914607832124953297570973483750625738126380837147835911397426344498
1983351265455030948841627640966515570124480228768434442072673086318856482933137168331297437
1983853622209574841386051691402507686206354881453699337895445761950432774298769890089558336
2009406093982512485345735640069654716656902556433142936954654442049431292342494550629385184
2010862798590116969491008242624660586811233603807319543202431215062653408315186255575667967
2024039984202793681198838089881489149336385545378114247567739321813985551040299482110254832
2027393037286774487657708992697848802796629075262920772415297031569152367466153447252176006
2027600520680945682915130643823130159710362654117089906831407054422683504016071637453679022
2032735428045874736980063399211142603671693908972921345243524190133982251946698794066705776
2036741353095927492325826774667041864651194352089979778949087479105653449502266963412644917
2036859473945498239067848679636773004188878039839664016868317043179844192824690903578172316
