5615225412127727485327233126
13766387914440218497728789303
13979182381593441992999346329
21100919197640887275712074173
45974048794564335948115479786
46560290045408356721136608467
51741907148060655350482900701
60905826335450025774817102418
77725898832722599639176534850
100128630010900247113842598120
140683874912589176141270109289
150864306116844694421740931167
160162386895179562499350635261
163145105125253574144268438037
168173355071392266776214716330
170243314018116617311681349357
176670832047513708250293985695
180589284723781705942742713450
187252946905140699460695608302
188286616629031025613602001648
217691286893245121371139276800
231431565985758400652796417516
233139965509929097254306978565
256563820886024357423142007867
260922281616250306081565945102
270235095927690292391957709517
344914272131715583707943833235
350400074721370909511501136782
382224367355570474035130142224
390222602691910776433695682013
419636760377612828323676782968
429391294646011653289903097976
434396887829081409744675351076
435550816071483337817444937949
444349967784513059193585032659
480853996376049039652520391159
483946320756602231597855921563
487744863225920234574852501078
499609785645565870147332767179
504473758096769182499864725119
511728637093281890081696143422
518051742236100413181059473851
520592685993847432672509789319
520671725963312263346812416917
540348426005515959352905520359
543561173398711818820030703639
550019958448337702401599296547
551863244632599154561831927359
576224795049811438691503912314
592838157585996893385826837800
601660081654729647196493473762
643072700272192021762084662509
643601392410832309582460623315
644815164423892960796507034570
650047403115495912514628391999
655652500896754462769067896366
771656684596123168116543442326
771887775487804314558539199180
775008802986000267767502704282
788730777866382123694473052065
790671075960280894481866340245
802515952995192966174473959215
812047535279703588744039441656
812047790624750843580041353845
829774204911595503825637892225
888404295569362030815760990759
903521154047786500159619257233
919629602116859574215458176574
936052611433625516413541872214
940579079152757972618397074665
952755144189069106761319690205
979008834095223273829788550185
995297576497128913825863615725
997464381051783196290396030782
1042178061598725035508966440702
1042945746159564090427234248127
1048899703644542680543073240932
1052169782831932189971765698570
1065971928614553891923548161381
1070364450742001427364126724813
1075332697194407381595413160220
1089695870868906355549942199547
1098675632380779991939604601090
1112899348762619208535650833974
1117218221739567950509195148818
1120559916243465121618134414882
1125280022098037425491570297592
1126483083423369756161967189788
1143258735651566052101592805927
1146821040524615844735998376555
1156934908526897798681177985658
1163986875706288380017461183331
1165899576501671067152645981509
1174392194990443788480192734672
1177019847930595165310959852055
1202646250531600513244999967157
1221211330904202429483067512129
1242426512935478078434504699852
1249540674764447014086687541388
1253767761148372263957781628853
