18235244038
29333785475
44241883158
90720783565
138278233069
160717749670
170810043347
190783321874
192761323717
263941209344
272732233974
283983798292
301164751968
303174903185
316345714052
332247271357
354954626509
414848481662
477687829382
512677417648
535239618389
585259027380
620659086675
633354753524
651499393882
656505134307
656531643207
709360592658
717553224165
729625007236
833380893235
888992517857
941829735739
959186536854
959504700392
993025633864
997508012469
999252688222
1034998385346
1036958948821
