10961905814168333683
21260928408612502099
32164285711600281179
60849193756237214129
69700345946394330374
70658632508540759251
88138642980699442485
174154058495790061636
174235209312487928435
195463467792661308322
199098179684628863756
201779702215581964543
225859535364837702865
229619560138370463507
230595463949794031511
233574101936227219749
260671466908122300693
263163571657390297659
325315875049323719811
331160186902784213556
348797105710633328884
383901278453468982597
390567284884537413179
404454260727365103128
419803250758149339938
420259388780389414301
444021558104306086047
500507370545182834176
557415026421233823738
564929080138349590496
566025577491496776680
569079344720068440491
574719336257980769377
577773797041414957033
584229621385717578117
585886893354879272375
597948660567299600527
650546924996692440654
654125918453137095015
676076645549818828101
680617696851362126628
700450004892377880852
700483570209363284918
702641621304067135378
726807880943568636770
730247875014398487800
741000422535205116107
749139077097553919305
777369353573378128706
780769733535134315845
811945014540688425659
844702115516852286192
880259947219943567090
895670470269217789138
915546533605831618596
927563826974448151102
937004438086586690003
966747055478387758522
985360418226967584122
993636009914586217780
998277321941282670738
1012402295538918714090
1038293176256252551745
1039704951761505178429
1068552017308006118859
1071249329086012814821
1124793194599895253795
1133668425237286881133
1151671863236047151050
1166025619788822351576
