29060664081446163379336809901719605007711716973290138473616
38230530267376289251002496665761317907544049856839604619444
40265107763362759332523141673339540162357453019360042974945
41183490068251463730220405826600017639602093445142780127288
41513717495613430793714184023208040934197947298569739401199
52217775990907925600351989191190532863417670743984868448522
67907649109604863127435741141211880376681577839066642864371
90242073101016076204162798791853788257821421004732500714576
101312766001090963207936706053732407119758035014319431651840
102863977940461162962819592665784362025872049703102105946000
104003633817774916004881590601609587035873977740806168717747
113660723980459416103418588564772883628799921421113816303938
124356718888580581458956150430893075951390835113978981952301
127392473720867663164944082073821659288891912827672354159380
181909472262744960361173391179948884973489177421659726027444
197819116624420218370869085384153492783726256340339756606574
219193224101521709141841900184339285148114356052259269338439
234741901898305480344379372476922918502256631859899958400078
236869030372623715914783901452338398948492171742187583387824
240818653789040091151067151909347116592100873019744894901820
243218404012668088202369948998714522077598267061173296446926
243442437120187972910917704380929835747269357620653146422492
250434002774898614363879978685572467026936866408647469346346
250708665458561484818131933643833717881161556865926487971433
261125082918078958117827775041787104284852589904039382350948
264976118733946391928343651209930658001795797077323927145895
274954195978241149730049269487328637370576408109726660694359
275284426185907824040524679065788424220324358672725282497364
276013287924891308882609705086235824536810611646592672088725
282477222205870275456449984498706082106459709364174562821968
320266691986619174705744595124691444843537842891634511027664
328014758328934613095936929219227621838025453130629938928950
329605394491262345903974597588836766574525016589340648203698
330682144488927517074404003458121406515531448749531663965103
331851432671705828279288704879493613238838943499908657374722
337687950762885587394382660091254528537257663702377132274744
338393875853859777428795575791347428166932688317197610900781
345981769093230272027706812281353384210420451771963994945154
358223389628032489034625400905053021650323422372569250488300
370301075438351389831624211078464312473194708338294984680337
373977187314830040556237879730714585084928349722358797500251
386282636952472478270366792250143826401640969390235860592572
389920884847012060033681826309086089418340393323951509878206
398686799837288540916363094387331758231585764084076253860891
409200871430767031103056635162102123715692389868547229066371
410195832780513086630321494969420697707824463359143984325344
410938797008455267645262399375756865586045309482282384181505
423185957587919711135406021377175901395193992850913820359277
435350128842821116009777446854464437466825519847908126119017
440356746012911731299969482309335995527680902214405606484866
442669315452805243659960395194889821143246949520059454986464
452198474035358365162644319608972450830731803089123612635568
458137696361177285325596650114572943634095900844930245847950
469807189125397065554038085291212175481217091292565569469066
482518088904842257457091757583891575773611579023111289827743
482599947475197091873116427901263424637108866649634523291717
490515860500647916084551781692375867153426197625389865354563
499658560688997094037666774365819774150026232866543833348389
500497825930850592467698657146822348815596744140599025801782
519545043625255610594959153402823014704391521696070194634814
523196557371030039329255517563913570391985388128499795029606
535441675806872123988371089450148823404975594576064560514682
536567401496603798743421846888012060880658615102143727484236
557804116302268005921897730185984584750131570083152705380836
562184156854412198025982013126855719424676327723594983789536
569255141036142866714130669637301788552610547898383202090858
572268322940680948182212219165494957823695473522602748013568
574987372295821947949521493949188072927697306450673645375338
577268528487091740972323047883216364621351887008729364885805
581410167644911439051660743718861398026134668708361208563383
587592752391403392250175779835061216096411825380553992460759
604768514671939668655891118041113203598260061402047663653020
612111266813191518800015879528090063522657295825187980599336
621288668126954654426699783682142399613588180314276740545344
633082210284588430983537374486855015155454709391714681720858
639672793900802078393555176516243635977439897078504598015071
646152480135863804087682074526905818058367467071918491276494
648459179975310837089602522284977673053468262385491096982463
651265458769819815458926760104128435057009455181276608221254
656412665911521172608112452613995255306046850023982872524889
669100052852801576572183359958810295551960843549644881139550
669674433523485575408339102079372079683387811046743410766899
676646614211295065171571571922824572281046899713697765218649
680693592202791199553336547824390899224295050526177695182356
689465723593253782552745874808891788241288735319220872803497
702924063193650136228659125664887230767998157809076610647945
723086928869602767255637234764943215719966546332783871311042
727005408102999224484875259695698730554686635852146535303079
735959874089429748782942331945702787651191654730529212409672
742877711955269796297359863270895903907740734346537374126348
755277072478688500967011984070751150566138292176518996649075
761465189243939278887098800600421971991726091578020810652372
765906006621513423912012935119252727325582333616636386106914
771876178152001437685525919959295267087712652483484936224586
779407475922794949003917134278093318225598290510717634608199
784013610292374377361289222951237510137772544655787737007371
787906760200533594959044186555926477891879306197676011299464
792094267743037798591824583404493985627972153128994144567213
795595755789484505014335728201015018224291783690933460289033
802644510817190194614910493148751023076044741688227575358116
805774177267883217960092435285476076671262824079674141177002
809182848782900694025796117550759265919631757826695735304295
812358359611131595315225257563631915702143378975961736972372
813630957464761582945047320748484080426448063768553845604333
834055364720889833317774643943914911207671451564545790667522
834920674136456690715853721915331461799329581378302493540715
836286592003777591958702280670533906703324947489491421567981
853630451189392471520014175240175137821923924016942719259749
862894825318904060001551059492377712119298562124444816096932
874085804693752919017858313120954434641589735158054088565377
880929848857335749199384977493168800261537209963100401515781
913586057799317357463557435017147600151581530694295769162448
921415226704838123541023186565931300407571993289509983475685
921510470553971330595259722724550740860288821587987512177889
923467485584318601591793116917725526604215652465325798352049
923612247686687318524741735477440782532975656687968569130917
931048864239223821963297627568856540601159569695426900161768
940579906367043614374833833605526420798667884427211739202873
946813242641935824409340111684666214149139157573865707418158
973745103087118746777444709485575912127267595844618693454315
1010697126328040878608642682151094041943183866463407292163426
1021598442517075111164312694228692742007648656265505249519154
1034972989933038419503242211205325076265583396859132297900637
1038762923129701907826726111094098565887880383553551648606574
1039984538104327224811079763125362281741794188891905349812396
1049441791898793369737396382156560266332793140163764530332455
1062845586117381518049354011182016305506076206629178989460365
1073605621102854327562878905857563779149108944614299414190865
1077445775386709876743806123571927101267174272189074824410424
1090119197547273080615380748650735045582471709477251799475516
1093812583757572519313423688685902123285995694780746726267120
1110558050462640602974431117640885537960428581072185368506062
1110839648462271239845562324135486982922590411975651818318406
1111728694330882809791591740570401029238206569368285780090678
1113726686721151806730158133337436205408283772962561512509013
1120913867102115912023076486761289579140836107848212456782874
1127247952706393350263825806233228470788994346045914572629670
1138527413663368883210788034559444410833345911339464259045564
1141725342508460014982615614031168828249618078779796941575591
1142061917224089811658436824839810859019661216667344809282216
1150386959916996833514473813534695861738636375169876022811753
1151046560987389019933523964975607033667272155962905842920038
1159120848940354088328093093793970725185824432500563940715128
1164289935567758683550446400445732497048422760994784644027075
1177227280254475478448321481902566852622370098419795141341738
1186089687735955111786452721830287033711161067696042106420313
1187530628322693640598407997058553863915930390670788106894906
1191113448853093207236188815814750174542763327131862093237514
1194033139483981233565924292317959946808291361856317007796973
1195117412480185721822646696200703782603628088742104799384890
1208179092866273344250871090242568188907514415059337225283644
1212600915786086001286730089761928088908904851077460323743464
1218294978629991659978251230075986686428092487754351466799625
1233085520251797884811495452373024780732131301598666110915089
1238367512320514763181836269478136014129790191963413146295190
1240934601980055956436489709516686852896173757119751556473345
1242457152588650644369159672308320709088206377454501029573664
1243566076929402252971814499819061986053301240924795004854962
1254131357140684956458949677764391251202654173665007276371266
1264802484016154639098053087508331750912404713496857639119810
1266371270479051529920123770538764756412166875113190960063467
1275468086822511873973149312203299371050776051391727933919769
1276975006732948857081475798269515009850068333442608284999924
1280189000706285682808559286609569872587928659303285689341954
1281307329580826297724734970728598466782357778801447203183460
1298861059357306934765006315539727299263779413830992552407907
1308064833288374659714378982489314569032068520901818045382638
1315284736498451736923201022440908120609459898350826826567421
1316354951203718942247687409052370951340719890581426682884263
1317909887918213008873546908634224223701845058241674628695506
1318096651786410045930348985711220170028951399193052544691881
1322132974265485798478736668350461392624201225434959823344078
1333442628589684532465595932208480461338834075530174265581225
1334068232446634408680776604655975953387006398600703295474793
1365776968134609008504073549463028761156001837060673283170254
1366656134109337135836072726151480422136352240234897162516562
1369600413895437371763937437685704108490471760820863095588825
1370725759160134362821323304828856803139781888374466609858138
1371090352641405229671229919335174551781469701368424514574258
1379800256893956249492259029142639064803459067523724920470377
1380495409551576512356656186798180240825676865033293638921850
1389531747120334803514392055920677744663573791086016557990834
1415642218454727741909392055485675054292453228847629506206016
1423171548103347321019595962344450440168362516973223043408267
1432870556854455810111999566766670331483135348345137428603165
1434073256407757969230200692385862693825486547321762910062785
1450743873243161588125179855549097124062691189361343154648820
1452313714267518208974958585607498843378875523611014156554592
1462402577119874219439042448242729897607292154623784338853093
1467528341001031745982930070126442461115346052330384663403464
1472624867146615848202677393475203592833390406983908730807879
1486217815947812497979431498068353747056824076230015208309933
1495787722765695455931323309176979948281991076494642472296756
1498041209200730391538715069927593398719929019384961821061152
1508223144368955679825960561811696899578416135991228144928430
1558742523872380261859747604313684489466595398385329661929624
1579120067567625814109020469448164801415553612723101060760317
1582851369048512664073484330674771647712000579499881802675891
1603460884428847464738883551441844770694883040690480688080399
1603978682721346732301229590573961707554246241698844058569833
