21986127474069872958476
39194113749814170584974
40619112082080888992167
43508183684923194095503
51983141538872612182184
59050875076864878017861
85514109195061737485669
90334545942119906355717
97901390607373837016790
108966721456800800035773
109358584167372062584103
118696176339774104085363
141117444370024969502174
169408945479512112849852
175439688627736000306430
210714195013141238295346
243787959291327316864873
250956521237916053614400
252798139328249741653575
258671254339122820503877
264133204253983384466460
266636194904676076061026
270123680431636032708281
276537142933908159703010
312520888225092614782248
355205498769500361147596
356183675285650900044605
359905369653038787088906
360860309954786675088164
374806289217595092684610
387845689307743936350531
391862798306081364902048
396114997385001672040708
403426066872372274759155
407814069276623058113407
419250206517970877555000
423472194411845961520534
436576823504483081490547
437853199441691560252693
499033679762085070152950
503959878457336079679942
504423727211187580837141
542564396443350858274992
552127598486999771182877
653952896755962899793945
684781425905856051109010
704499430048181080476202
715080192566028308693454
715626598268955969869691
716997881647264338266731
728326341301679255347752
744867089037826684698554
762753528251076907504515
796645475718725149585355
800394463188134985323911
828322367772568289248855
856985511456133700340076
871233284498695298165209
878649896707159689663767
884484510951148357520378
886199160496784367648053
904113085787825862093800
906579474790902486512758
907908542104877386521724
917045444703104649454443
939977847104480042731499
940830756286530217475647
950484334116732627127960
979168770606746558665838
989314646222240666143676
1010627901116589561458224
1083305191507454683415610
1085276518380842379581211
1116829987289246458630636
1139540037329781224905591
1152092905956469774549901
1172000489944571371531217
1179021199709869480998658
1188046866525778622655910
1202926436651681505942037
